year	len	sex	maturity	age
1989	220	1	1	0
1989	220	2	1	0
1989	224	2	1	0
1989	229	1	1	0
1989	229	2	1	0
1989	230	1	1	0
1989	230	1	1	0
1989	230	2	1	0
1989	230	2	1	0
1989	230	2	1	0
1989	231	2	1	0
1989	235	2	1	0
1989	238	2	1	0
1989	240	2	1	0
1989	240	2	1	0
1989	310	1	1	1
1989	325	2	1	1
1989	340	1	1	1
1989	340	1	1	1
1989	340	1	2	1
1989	344	1	1	1
1989	345	1	1	1
1989	345	2	1	1
1989	345	2	1	1
1989	345	2	1	1
1989	350	2	1	1
1989	350	2	1	1
1989	350	2	1	1
1989	350	2	1	1
1989	350	2	1	1
1989	350	2	1	1
1989	350	2	2	4
1989	352	2	1	1
1989	355	1	1	1
1989	355	1	1	1
1989	355	1	1	1
1989	355	1	1	1
1989	355	2	1	1
1989	355	2	1	1
1989	360	1	1	1
1989	360	1	1	1
1989	360	1	1	1
1989	360	1	2	1
1989	360	2	1	1
1989	360	2	1	1
1989	360	2	1	1
1989	360	2	1	1
1989	360	2	1	1
1989	360	2	1	1
1989	360	2	1	1
1989	365	1	1	1
1989	365	1	1	1
1989	365	2	1	1
1989	365	2	1	1
1989	365	2	1	1
1989	365	2	1	1
1989	365	2	1	1
1989	368	2	1	1
1989	370	1	1	1
1989	370	1	1	1
1989	370	2	1	1
1989	373	2	1	1
1989	375	1	1	1
1989	375	2	1	1
1989	375	2	1	1
1989	375	2	1	1
1989	379	2	1	1
1989	380	1	2	1
1989	380	2	1	1
1989	382	2	1	1
1989	382	2	1	1
1989	385	2	1	1
1989	385	2	1	1
1989	385	2	1	1
1989	387	2	1	1
1989	388	1	1	1
1989	392	1	2	1
1989	400	1	2	3
1989	405	1	2	2
1989	406	2	1	3
1989	410	1	2	2
1989	410	2	1	2
1989	410	2	1	2
1989	420	1	2	3
1989	425	1	2	3
1989	425	2	1	2
1989	427	1	2	2
1989	430	1	2	2
1989	430	2	1	2
1989	432	2	1	2
1989	435	1	2	2
1989	435	1	2	2
1989	435	1	2	3
1989	435	2	1	3
1989	439	1	2	2
1989	440	1	2	2
1989	440	1	2	3
1989	445	1	2	2
1989	450	1	2	3
1989	451	2	1	2
1989	455	1	2	2
1989	455	1	2	2
1989	455	1	2	4
1989	455	2	1	2
1989	460	1	2	2
1989	460	2	1	2
1989	465	1	2	3
1989	465	2	1	2
1989	465	2	1	2
1989	470	1	2	4
1989	470	1	2	4
1989	470	1	2	4
1989	470	2	1	2
1989	471	2	1	3
1989	475	1	2	3
1989	475	1	2	4
1989	475	2	2	3
1989	478	1	1	3
1989	480	1	2	3
1989	480	1	2	3
1989	480	1	2	4
1989	480	2	1	2
1989	480	2	2	4
1989	482	2	2	3
1989	485	1	2	3
1989	485	1	2	3
1989	485	1	2	3
1989	485	1	2	4
1989	485	1	2	4
1989	485	1	2	4
1989	485	1	2	5
1989	487	1	1	6
1989	490	1	2	3
1989	490	1	2	3
1989	490	1	2	3
1989	490	1	2	4
1989	490	1	2	4
1989	490	2	2	3
1989	491	2	2	3
1989	495	1	2	3
1989	495	1	2	4
1989	495	1	2	5
1989	495	2	2	3
1989	500	1	2	3
1989	500	1	2	4
1989	500	1	2	4
1989	500	1	2	4
1989	500	2	2	3
1989	500	2	2	3
1989	505	2	1	3
1989	505	2	2	3
1989	510	1	2	3
1989	510	1	2	4
1989	510	1	2	4
1989	510	1	2	4
1989	510	1	2	4
1989	510	1	2	4
1989	510	1	2	4
1989	510	1	2	4
1989	511	2	1	3
1989	512	2	2	3
1989	515	1	2	3
1989	515	1	2	4
1989	515	1	2	4
1989	515	1	2	4
1989	515	1	2	4
1989	515	1	2	4
1989	515	1	2	6
1989	515	2	2	3
1989	515	2	2	3
1989	515	2	2	4
1989	518	1	2	3
1989	520	1	2	3
1989	520	1	2	4
1989	520	1	2	4
1989	520	1	2	4
1989	520	1	2	4
1989	520	1	2	4
1989	520	1	2	4
1989	520	1	2	4
1989	520	2	2	3
1989	520	2	2	4
1989	522	1	2	4
1989	524	2	2	3
1989	525	1	2	5
1989	525	2	1	3
1989	530	1	2	4
1989	530	1	2	4
1989	530	1	2	4
1989	530	1	2	4
1989	530	2	2	3
1989	530	2	2	4
1989	530	2	2	4
1989	535	2	2	4
1989	535	2	2	4
1989	539	2	2	3
1989	540	1	2	4
1989	540	2	1	3
1989	540	2	1	3
1989	540	2	2	3
1989	540	2	2	3
1989	540	2	2	4
1989	540	2	2	4
1989	541	2	2	3
1989	542	2	2	3
1989	543	2	2	4
1989	543	2	2	4
1989	545	2	2	4
1989	545	2	2	4
1989	546	1	2	4
1989	550	1	2	4
1989	550	1	2	5
1989	550	1	2	5
1989	550	1	2	5
1989	550	2	2	3
1989	550	2	2	4
1989	550	2	2	4
1989	550	2	2	4
1989	550	2	2	4
1989	555	1	2	4
1989	555	1	2	5
1989	555	2	2	4
1989	555	2	2	5
1989	558	2	2	3
1989	558	2	2	4
1989	560	2	2	4
1989	560	2	2	5
1989	560	2	2	5
1989	563	1	2	5
1989	565	1	2	4
1989	565	1	2	4
1989	565	1	2	5
1989	565	1	2	7
1989	565	2	2	4
1989	567	2	2	4
1989	570	2	2	3
1989	570	2	2	4
1989	570	2	2	4
1989	570	2	2	5
1989	575	2	2	5
1989	575	2	2	5
1989	575	2	2	5
1989	580	1	2	5
1989	580	2	2	4
1989	580	2	2	4
1989	580	2	2	5
1989	582	2	2	3
1989	582	2	2	4
1989	585	1	2	6
1989	585	2	2	6
1989	595	2	2	4
1989	605	1	2	6
1989	640	2	2	5
1989	642	2	2	7
1989	654	2	2	5
1989	655	2	2	6
1989	657	2	2	5
1989	660	2	2	6
1989	675	2	2	7
1990	210	2	1	0
1990	215	2	1	0
1990	224	2	1	0
1990	225	1	1	0
1990	225	2	1	0
1990	230	2	1	0
1990	230	2	1	0
1990	230	2	1	0
1990	235	1	1	0
1990	240	1	1	0
1990	240	1	1	0
1990	310	1	1	1
1990	310	1	1	1
1990	310	2	1	1
1990	310	2	1	1
1990	315	1	1	1
1990	315	2	1	1
1990	320	1	1	1
1990	320	2	1	1
1990	320	2	1	1
1990	325	1	1	1
1990	325	2	1	1
1990	325	2	1	1
1990	330	1	1	1
1990	330	1	1	1
1990	330	1	1	1
1990	330	1	1	1
1990	330	1	1	1
1990	330	1	1	1
1990	330	1	1	1
1990	330	1	1	1
1990	330	1	1	1
1990	330	1	1	1
1990	330	2	1	1
1990	330	2	1	1
1990	330	2	1	1
1990	330	2	1	1
1990	330	2	1	1
1990	335	1	1	1
1990	335	1	1	1
1990	335	1	1	1
1990	335	1	1	1
1990	335	1	1	1
1990	335	1	1	1
1990	335	1	1	1
1990	335	1	1	1
1990	335	1	1	1
1990	335	1	1	1
1990	335	1	1	1
1990	335	2	1	1
1990	335	2	1	1
1990	335	2	1	1
1990	335	2	1	1
1990	335	2	1	1
1990	335	2	1	1
1990	335	2	1	1
1990	335	2	1	1
1990	335	2	1	1
1990	335	2	1	1
1990	335	2	1	1
1990	335	2	1	1
1990	335	2	1	1
1990	335	2	1	1
1990	335	2	1	1
1990	335	2	1	1
1990	335	2	1	1
1990	335	2	1	1
1990	340	1	1	1
1990	340	1	1	1
1990	340	1	1	1
1990	340	1	1	1
1990	340	1	1	1
1990	340	1	1	1
1990	340	1	1	1
1990	340	1	1	1
1990	340	1	1	1
1990	340	1	1	1
1990	340	1	2	1
1990	340	2	1	1
1990	340	2	1	1
1990	340	2	1	1
1990	340	2	1	1
1990	340	2	1	1
1990	340	2	1	1
1990	340	2	1	1
1990	340	2	1	1
1990	340	2	1	1
1990	340	2	1	1
1990	340	2	1	1
1990	345	1	1	1
1990	345	1	1	1
1990	345	1	1	1
1990	345	1	1	1
1990	345	1	1	1
1990	345	1	1	1
1990	345	1	2	1
1990	345	2	1	1
1990	345	2	1	1
1990	345	2	1	1
1990	345	2	1	1
1990	345	2	1	1
1990	345	2	1	1
1990	345	2	1	1
1990	345	2	1	1
1990	345	2	1	1
1990	345	2	1	1
1990	345	2	1	1
1990	345	2	1	1
1990	345	2	1	1
1990	345	2	1	1
1990	345	2	1	1
1990	350	1	1	1
1990	350	1	1	1
1990	350	1	1	1
1990	350	1	1	1
1990	350	1	1	1
1990	350	1	1	1
1990	350	1	1	1
1990	350	1	1	1
1990	350	1	1	2
1990	350	1	2	1
1990	350	1	2	1
1990	350	2	1	1
1990	350	2	1	1
1990	350	2	1	1
1990	350	2	1	1
1990	350	2	1	1
1990	350	2	1	1
1990	350	2	1	1
1990	350	2	1	1
1990	350	2	1	1
1990	350	2	1	1
1990	350	2	1	1
1990	350	2	1	1
1990	350	2	1	1
1990	350	2	1	1
1990	350	2	1	1
1990	355	1	1	1
1990	355	1	1	1
1990	355	1	1	1
1990	355	1	1	1
1990	355	1	1	1
1990	355	1	1	1
1990	355	1	1	1
1990	355	1	1	1
1990	355	1	1	1
1990	355	1	1	1
1990	355	1	1	1
1990	355	2	1	1
1990	355	2	1	1
1990	355	2	1	1
1990	355	2	1	1
1990	355	2	1	1
1990	355	2	1	1
1990	355	2	1	1
1990	355	2	1	1
1990	355	2	1	1
1990	355	2	1	1
1990	355	2	1	1
1990	355	2	1	1
1990	355	2	1	1
1990	355	2	1	1
1990	355	2	1	1
1990	360	1	1	1
1990	360	1	1	1
1990	360	1	1	1
1990	360	1	1	1
1990	360	1	1	1
1990	360	1	2	1
1990	360	2	1	1
1990	360	2	1	1
1990	360	2	1	1
1990	360	2	1	1
1990	360	2	1	1
1990	360	2	1	1
1990	360	2	1	1
1990	360	2	1	1
1990	360	2	1	1
1990	360	2	1	2
1990	363	1	1	1
1990	365	1	1	1
1990	365	1	1	1
1990	365	1	1	1
1990	365	1	1	1
1990	365	1	1	1
1990	365	2	1	1
1990	365	2	1	1
1990	365	2	1	1
1990	365	2	1	1
1990	365	2	1	1
1990	365	2	1	1
1990	365	2	1	1
1990	370	1	1	1
1990	370	1	1	1
1990	370	1	1	1
1990	370	1	1	1
1990	370	1	1	1
1990	370	1	2	2
1990	370	2	1	1
1990	370	2	1	1
1990	370	2	1	1
1990	370	2	1	1
1990	370	2	1	1
1990	375	1	2	1
1990	375	2	1	1
1990	375	2	1	1
1990	380	1	1	1
1990	380	2	1	1
1990	385	1	1	1
1990	395	1	2	4
1990	400	1	2	2
1990	405	2	1	2
1990	415	1	2	2
1990	420	1	2	2
1990	420	1	2	3
1990	420	2	1	2
1990	420	2	1	2
1990	420	2	1	2
1990	425	1	1	2
1990	425	1	2	2
1990	425	1	2	2
1990	425	1	2	2
1990	425	1	2	2
1990	425	1	2	3
1990	425	2	1	2
1990	430	1	2	2
1990	430	1	2	2
1990	430	1	2	2
1990	430	1	2	2
1990	430	1	2	2
1990	430	1	2	2
1990	430	1	2	2
1990	435	1	2	2
1990	435	1	2	2
1990	435	1	2	2
1990	435	1	2	2
1990	435	1	2	2
1990	435	1	2	2
1990	435	1	2	2
1990	435	1	2	3
1990	435	2	1	2
1990	435	2	1	3
1990	440	1	2	2
1990	440	1	2	2
1990	440	1	2	2
1990	440	1	2	2
1990	440	1	2	3
1990	440	1	2	4
1990	440	2	1	2
1990	440	2	1	2
1990	443	1	2	2
1990	445	1	2	2
1990	445	1	2	2
1990	445	1	2	2
1990	445	1	2	3
1990	445	1	2	4
1990	445	1	2	6
1990	445	2	1	2
1990	445	2	1	2
1990	450	1	1	2
1990	450	1	2	2
1990	450	1	2	2
1990	450	1	2	2
1990	450	1	2	2
1990	450	1	2	5
1990	450	2	1	2
1990	450	2	1	2
1990	450	2	2	2
1990	455	1	2	2
1990	455	1	2	2
1990	455	1	2	3
1990	455	1	2	3
1990	455	1	2	4
1990	455	1	2	6
1990	455	2	1	1
1990	455	2	1	2
1990	455	2	1	2
1990	460	1	1	3
1990	460	1	2	1
1990	460	1	2	2
1990	460	1	2	2
1990	460	1	2	2
1990	460	1	2	3
1990	460	1	2	4
1990	460	1	2	5
1990	460	2	1	2
1990	460	2	1	2
1990	460	2	1	2
1990	460	2	1	3
1990	465	1	2	2
1990	465	1	2	3
1990	465	1	2	3
1990	465	1	2	3
1990	465	1	2	3
1990	465	1	2	5
1990	465	2	1	2
1990	470	1	2	2
1990	470	1	2	3
1990	470	1	2	3
1990	470	1	2	3
1990	475	1	2	3
1990	475	1	2	3
1990	475	1	2	4
1990	475	1	2	6
1990	475	2	1	2
1990	480	1	2	3
1990	480	1	2	3
1990	480	1	2	3
1990	480	1	2	5
1990	480	2	1	2
1990	480	2	1	2
1990	480	2	1	2
1990	480	2	1	2
1990	485	1	2	2
1990	485	1	2	2
1990	485	1	2	2
1990	485	1	2	3
1990	485	1	2	3
1990	485	1	2	4
1990	485	1	2	4
1990	485	1	2	4
1990	485	1	2	7
1990	490	1	2	4
1990	490	1	2	4
1990	490	1	2	6
1990	490	2	2	4
1990	495	1	2	3
1990	495	1	2	3
1990	495	1	2	4
1990	495	1	2	5
1990	500	1	2	3
1990	500	1	2	4
1990	500	1	2	4
1990	500	1	2	5
1990	505	1	2	3
1990	505	1	2	4
1990	505	1	2	4
1990	505	1	2	5
1990	505	1	2	6
1990	505	1	2	6
1990	505	2	2	3
1990	510	1	2	2
1990	510	1	2	4
1990	510	1	2	4
1990	510	1	2	4
1990	510	1	2	4
1990	510	1	2	5
1990	510	1	2	5
1990	510	2	1	3
1990	510	2	2	4
1990	510	2	2	4
1990	515	1	2	3
1990	515	1	2	3
1990	515	1	2	3
1990	515	1	2	4
1990	515	2	2	4
1990	515	2	2	4
1990	520	1	2	4
1990	520	1	2	4
1990	520	1	2	4
1990	520	1	2	5
1990	520	1	2	6
1990	520	1	2	6
1990	520	1	2	6
1990	520	1	2	6
1990	520	2	2	4
1990	525	1	1	4
1990	525	1	2	4
1990	525	1	2	4
1990	525	1	2	4
1990	525	1	2	5
1990	525	1	2	5
1990	525	2	2	3
1990	525	2	2	4
1990	525	2	2	4
1990	525	2	2	5
1990	530	1	2	3
1990	530	1	2	4
1990	530	1	2	4
1990	530	1	2	4
1990	530	1	2	4
1990	530	1	2	4
1990	530	1	2	5
1990	530	1	2	5
1990	530	1	2	5
1990	530	1	2	5
1990	530	1	2	5
1990	530	2	2	6
1990	535	1	2	3
1990	535	1	2	3
1990	535	1	2	3
1990	535	1	2	5
1990	535	1	2	5
1990	535	1	2	5
1990	535	1	2	6
1990	540	1	2	3
1990	540	1	2	4
1990	540	1	2	5
1990	540	1	2	5
1990	540	1	2	5
1990	540	1	2	5
1990	540	1	2	5
1990	540	1	2	5
1990	540	1	2	6
1990	540	1	2	6
1990	540	1	2	6
1990	540	2	2	4
1990	540	2	2	4
1990	540	2	2	4
1990	545	1	2	4
1990	545	2	2	3
1990	545	2	2	6
1990	545	2	2	7
1990	550	1	2	3
1990	550	1	2	5
1990	550	1	2	6
1990	550	1	2	7
1990	550	2	2	4
1990	550	2	2	4
1990	550	2	2	5
1990	555	1	2	4
1990	555	1	2	5
1990	555	1	2	5
1990	555	1	2	5
1990	555	1	2	5
1990	555	1	2	5
1990	555	2	2	6
1990	560	1	2	4
1990	560	1	2	4
1990	560	1	2	5
1990	560	1	2	6
1990	560	1	2	6
1990	560	1	2	6
1990	560	2	2	3
1990	560	2	2	3
1990	560	2	2	3
1990	560	2	2	4
1990	560	2	2	4
1990	565	1	2	5
1990	565	1	2	5
1990	565	1	2	5
1990	565	1	2	6
1990	565	2	2	4
1990	565	2	2	4
1990	570	1	2	7
1990	570	2	2	4
1990	570	2	2	4
1990	570	2	2	4
1990	570	2	2	4
1990	570	2	2	5
1990	575	1	2	5
1990	575	1	2	5
1990	575	2	2	4
1990	580	1	2	5
1990	580	1	2	5
1990	580	1	2	8
1990	580	2	2	3
1990	580	2	2	3
1990	580	2	2	4
1990	580	2	2	4
1990	580	2	2	4
1990	580	2	2	4
1990	580	2	2	4
1990	580	2	2	5
1990	580	2	2	6
1990	585	2	2	2
1990	585	2	2	5
1990	585	2	2	6
1990	590	1	2	4
1990	590	1	2	4
1990	590	1	2	7
1990	590	2	2	5
1990	590	2	2	5
1990	590	2	2	5
1990	590	2	2	5
1990	590	2	2	6
1990	590	2	2	6
1990	590	2	2	7
1990	595	1	2	8
1990	595	2	2	4
1990	595	2	2	4
1990	595	2	2	4
1990	595	2	2	5
1990	600	1	2	4
1990	600	1	2	7
1990	600	2	2	4
1990	600	2	2	5
1990	600	2	2	6
1990	605	2	2	5
1990	605	2	2	5
1990	610	2	2	6
1990	615	1	1	6
1990	615	2	2	5
1990	620	2	2	4
1990	620	2	2	5
1990	620	2	2	5
1990	620	2	2	5
1990	625	1	2	4
1990	625	2	2	5
1990	630	2	2	7
1990	640	2	2	4
1990	640	2	2	5
1990	645	2	2	6
1990	645	2	2	8
1990	650	2	2	4
1990	650	2	2	6
1990	650	2	2	6
1990	660	2	2	7
1991	208	1	1	0
1991	220	1	1	0
1991	222	2	1	0
1991	226	1	1	0
1991	232	1	1	0
1991	232	1	1	0
1991	232	1	1	0
1991	233	1	1	0
1991	233	2	1	0
1991	236	2	1	0
1991	240	2	1	0
1991	241	1	1	0
1991	242	2	1	0
1991	245	1	1	0
1991	245	2	1	0
1991	247	2	1	0
1991	250	1	1	0
1991	252	2	1	0
1991	261	2	1	0
1991	262	1	1	0
1991	305	1	1	1
1991	307	2	1	1
1991	321	2	1	1
1991	330	1	1	1
1991	331	2	1	1
1991	331	2	1	1
1991	333	1	1	1
1991	334	1	1	1
1991	336	1	1	1
1991	337	1	1	1
1991	338	1	1	1
1991	338	1	1	1
1991	340	1	1	1
1991	340	2	1	1
1991	341	1	1	1
1991	341	2	1	1
1991	342	1	1	1
1991	342	2	1	1
1991	343	1	1	1
1991	343	2	1	1
1991	344	2	1	1
1991	345	1	1	1
1991	345	1	1	1
1991	345	2	1	1
1991	346	2	1	1
1991	346	2	1	1
1991	347	1	1	1
1991	347	1	1	1
1991	347	1	1	1
1991	347	1	1	1
1991	347	2	1	1
1991	347	2	1	1
1991	348	1	1	1
1991	348	1	1	1
1991	348	2	1	1
1991	348	2	1	1
1991	349	1	1	1
1991	349	1	2	1
1991	350	1	1	1
1991	350	1	1	1
1991	351	2	1	1
1991	351	2	1	1
1991	351	2	1	1
1991	352	1	1	1
1991	352	1	1	1
1991	352	1	1	1
1991	352	2	1	1
1991	353	1	1	1
1991	353	1	1	1
1991	353	1	1	1
1991	353	2	1	1
1991	353	2	1	1
1991	353	2	1	1
1991	354	1	1	1
1991	354	1	1	1
1991	354	2	1	1
1991	354	2	1	1
1991	355	1	1	1
1991	355	1	2	1
1991	355	2	1	1
1991	356	1	1	1
1991	356	2	1	1
1991	357	1	1	1
1991	357	1	1	1
1991	357	1	2	1
1991	357	2	1	1
1991	358	1	1	1
1991	358	1	1	1
1991	358	1	1	1
1991	358	2	1	1
1991	358	2	1	1
1991	359	2	1	1
1991	359	2	1	1
1991	360	1	1	1
1991	360	1	1	1
1991	360	1	1	1
1991	360	2	1	1
1991	360	2	1	1
1991	361	2	1	1
1991	361	2	1	1
1991	361	2	1	1
1991	362	1	1	1
1991	362	1	2	1
1991	362	1	2	1
1991	362	2	1	1
1991	362	2	1	1
1991	362	2	1	1
1991	363	1	1	1
1991	363	2	1	1
1991	363	2	1	1
1991	363	2	1	1
1991	363	2	1	1
1991	363	2	1	1
1991	363	2	1	1
1991	363	2	2	1
1991	364	1	1	1
1991	364	1	1	1
1991	364	1	1	1
1991	364	1	1	1
1991	364	1	1	1
1991	364	1	2	1
1991	364	2	1	1
1991	364	2	1	1
1991	365	1	1	1
1991	365	2	1	1
1991	366	1	1	1
1991	366	1	2	1
1991	366	2	1	1
1991	366	2	1	1
1991	367	1	1	1
1991	367	1	1	1
1991	367	2	1	1
1991	367	2	1	1
1991	367	2	1	1
1991	367	2	1	1
1991	368	1	1	1
1991	368	2	1	1
1991	369	2	1	1
1991	370	1	1	1
1991	370	2	1	1
1991	370	2	1	1
1991	370	2	1	1
1991	370	2	1	1
1991	370	2	1	1
1991	370	2	1	1
1991	371	2	1	1
1991	371	2	1	1
1991	371	2	1	1
1991	373	2	1	1
1991	374	2	1	1
1991	375	2	1	1
1991	376	1	1	1
1991	376	2	1	1
1991	376	2	1	1
1991	378	1	1	1
1991	378	2	1	1
1991	378	2	1	1
1991	379	1	1	1
1991	381	2	1	1
1991	382	1	1	1
1991	383	2	1	1
1991	385	1	1	1
1991	385	1	2	1
1991	385	1	2	4
1991	385	2	1	1
1991	385	2	1	1
1991	386	1	2	1
1991	388	1	1	1
1991	390	2	1	1
1991	390	2	1	1
1991	394	1	2	2
1991	394	1	2	2
1991	402	2	1	1
1991	404	1	1	2
1991	407	1	2	2
1991	408	2	1	2
1991	409	1	2	2
1991	411	1	2	2
1991	411	1	2	2
1991	411	1	2	2
1991	412	1	2	2
1991	413	1	2	2
1991	414	1	2	2
1991	416	1	2	2
1991	416	1	2	2
1991	416	*	*	2
1991	417	1	2	2
1991	417	1	2	2
1991	417	1	2	2
1991	419	1	2	2
1991	419	2	1	2
1991	420	2	1	2
1991	421	1	2	2
1991	421	2	1	2
1991	421	2	1	2
1991	422	1	2	2
1991	423	1	2	2
1991	423	1	2	2
1991	424	1	2	2
1991	425	2	1	2
1991	426	1	2	2
1991	427	1	2	2
1991	427	2	1	2
1991	428	1	2	2
1991	428	1	2	2
1991	428	1	2	2
1991	428	2	1	2
1991	428	*	*	2
1991	429	1	2	3
1991	431	1	2	2
1991	432	1	2	2
1991	432	1	2	2
1991	432	1	2	2
1991	432	1	2	2
1991	432	2	1	2
1991	432	2	1	2
1991	433	1	2	2
1991	433	1	2	2
1991	433	2	1	2
1991	434	1	2	2
1991	434	1	2	2
1991	435	1	2	2
1991	435	1	2	2
1991	436	1	2	2
1991	436	1	2	2
1991	436	2	1	2
1991	436	2	1	2
1991	437	1	2	2
1991	437	1	2	2
1991	437	1	2	2
1991	437	1	2	3
1991	438	1	2	2
1991	438	1	2	2
1991	438	1	2	2
1991	438	*	*	2
1991	438	*	*	2
1991	439	1	2	2
1991	439	1	2	2
1991	439	1	2	2
1991	439	1	2	2
1991	439	2	1	2
1991	440	1	2	2
1991	440	2	1	2
1991	441	1	2	2
1991	441	1	2	2
1991	441	2	1	2
1991	441	2	1	2
1991	441	2	1	2
1991	442	1	2	2
1991	442	1	2	2
1991	442	1	2	2
1991	442	2	1	2
1991	443	1	2	2
1991	443	1	2	2
1991	443	2	1	2
1991	444	1	2	2
1991	444	1	2	3
1991	444	2	1	2
1991	445	1	2	2
1991	445	1	2	2
1991	445	2	1	2
1991	446	2	1	2
1991	446	2	1	2
1991	446	*	*	2
1991	447	1	2	2
1991	447	1	2	2
1991	447	1	2	2
1991	447	1	2	2
1991	447	2	1	2
1991	447	2	1	2
1991	447	2	1	2
1991	447	2	1	2
1991	447	*	*	*
1991	448	1	2	2
1991	448	1	2	2
1991	448	2	1	2
1991	448	2	1	2
1991	448	2	1	2
1991	449	1	2	2
1991	449	1	2	2
1991	449	1	2	3
1991	449	2	1	2
1991	449	2	1	2
1991	449	2	1	2
1991	449	*	*	*
1991	450	1	2	2
1991	450	1	2	2
1991	450	2	1	2
1991	450	2	1	2
1991	450	2	1	2
1991	450	2	1	2
1991	451	1	2	2
1991	451	1	2	3
1991	452	1	2	2
1991	452	1	2	2
1991	452	2	1	2
1991	452	2	1	2
1991	453	1	2	2
1991	453	2	1	2
1991	453	2	1	2
1991	453	2	1	2
1991	453	2	1	2
1991	454	2	1	2
1991	454	2	1	2
1991	455	1	2	2
1991	455	1	2	2
1991	455	2	1	2
1991	456	1	2	2
1991	456	2	1	2
1991	456	2	1	2
1991	457	1	2	2
1991	457	1	2	2
1991	457	1	2	2
1991	457	2	1	2
1991	458	1	2	3
1991	458	2	1	3
1991	459	1	2	3
1991	459	2	1	2
1991	459	2	1	2
1991	459	2	1	2
1991	460	1	2	2
1991	461	1	2	2
1991	461	1	2	2
1991	461	2	1	2
1991	461	2	1	2
1991	462	1	2	2
1991	462	1	2	2
1991	462	1	2	4
1991	462	2	1	2
1991	462	2	1	2
1991	462	2	2	2
1991	463	1	2	3
1991	463	2	1	2
1991	463	2	1	2
1991	465	1	2	3
1991	466	2	1	2
1991	466	2	1	2
1991	466	2	1	2
1991	467	1	1	2
1991	467	2	1	2
1991	468	1	2	3
1991	470	1	2	2
1991	470	2	1	2
1991	470	2	1	2
1991	471	2	1	2
1991	472	1	2	2
1991	472	2	1	2
1991	472	2	1	2
1991	472	2	1	2
1991	473	2	1	2
1991	473	2	1	2
1991	474	1	2	3
1991	475	1	2	2
1991	475	1	2	3
1991	475	2	2	3
1991	476	1	2	3
1991	476	1	2	3
1991	476	2	1	2
1991	477	1	2	3
1991	477	1	2	3
1991	477	1	2	4
1991	478	1	2	3
1991	478	2	1	2
1991	478	2	1	2
1991	480	1	2	3
1991	480	2	1	2
1991	481	1	2	3
1991	481	2	1	2
1991	482	1	2	3
1991	482	2	1	2
1991	483	1	2	2
1991	484	1	2	3
1991	485	1	2	3
1991	485	*	*	5
1991	486	1	2	3
1991	486	1	2	3
1991	486	1	2	3
1991	488	1	2	3
1991	488	1	2	4
1991	488	2	1	3
1991	490	1	2	3
1991	491	2	2	4
1991	492	1	2	3
1991	492	1	2	4
1991	493	1	2	3
1991	493	1	2	3
1991	493	2	1	2
1991	494	1	2	3
1991	494	2	2	3
1991	495	1	2	4
1991	496	1	2	3
1991	496	1	2	3
1991	496	1	2	3
1991	496	1	2	4
1991	497	1	2	3
1991	497	1	2	4
1991	497	1	2	5
1991	497	1	2	5
1991	497	1	2	5
1991	499	2	2	3
1991	500	1	2	4
1991	500	1	2	4
1991	501	1	1	4
1991	501	2	2	3
1991	503	1	2	3
1991	503	1	2	4
1991	504	1	2	6
1991	505	1	2	3
1991	505	2	1	3
1991	506	1	2	3
1991	507	1	2	3
1991	507	1	2	3
1991	507	1	2	3
1991	507	1	2	4
1991	507	1	2	6
1991	507	1	2	7
1991	508	*	*	4
1991	508	*	*	6
1991	509	1	2	3
1991	509	1	2	3
1991	509	1	2	5
1991	511	1	2	4
1991	511	1	2	5
1991	511	1	2	6
1991	512	1	2	4
1991	512	1	2	6
1991	512	2	2	3
1991	513	1	2	3
1991	513	1	2	4
1991	513	1	2	4
1991	513	2	1	3
1991	513	2	1	3
1991	514	2	2	3
1991	515	1	2	4
1991	515	1	2	5
1991	515	2	2	3
1991	515	*	*	4
1991	516	1	2	6
1991	516	1	2	6
1991	516	1	2	7
1991	517	1	2	4
1991	517	1	2	5
1991	517	1	2	5
1991	518	2	1	3
1991	519	1	2	4
1991	520	1	2	4
1991	520	1	2	5
1991	520	2	2	3
1991	521	1	2	4
1991	521	1	2	6
1991	521	2	2	3
1991	521	*	*	4
1991	522	2	1	3
1991	522	2	2	3
1991	523	1	2	4
1991	523	1	2	4
1991	523	1	2	6
1991	525	1	2	4
1991	525	1	2	6
1991	526	1	2	5
1991	527	1	2	4
1991	527	1	2	6
1991	527	1	2	7
1991	527	2	1	3
1991	527	2	2	3
1991	527	*	*	3
1991	528	1	2	3
1991	528	1	2	4
1991	528	1	2	5
1991	528	1	2	7
1991	528	*	*	5
1991	529	1	2	4
1991	529	1	2	5
1991	529	1	2	5
1991	530	1	2	4
1991	530	2	2	3
1991	530	2	2	3
1991	531	1	2	4
1991	531	1	2	5
1991	531	1	2	6
1991	531	1	2	6
1991	532	1	2	4
1991	532	1	2	5
1991	532	1	2	7
1991	532	2	1	3
1991	533	1	2	3
1991	533	1	2	4
1991	533	1	2	4
1991	533	1	2	5
1991	533	1	2	5
1991	533	1	2	5
1991	533	2	1	3
1991	533	2	2	3
1991	533	*	*	6
1991	535	1	2	5
1991	535	1	2	5
1991	536	1	2	4
1991	536	1	2	5
1991	536	1	2	5
1991	536	1	2	6
1991	536	1	2	6
1991	536	1	2	6
1991	536	1	2	8
1991	536	2	2	3
1991	536	2	2	4
1991	537	1	2	5
1991	537	1	2	6
1991	538	1	2	4
1991	538	1	2	6
1991	538	2	1	3
1991	538	2	2	3
1991	539	2	1	7
1991	540	1	2	4
1991	540	1	2	5
1991	540	2	2	3
1991	540	2	2	4
1991	542	1	2	5
1991	542	2	2	4
1991	543	1	2	5
1991	543	1	2	6
1991	543	2	2	3
1991	543	2	2	4
1991	544	1	2	6
1991	544	2	2	3
1991	545	1	2	8
1991	546	1	2	5
1991	546	1	2	6
1991	546	2	2	4
1991	547	1	2	5
1991	547	*	*	*
1991	548	1	1	6
1991	548	2	1	3
1991	549	1	2	4
1991	549	1	2	5
1991	549	2	2	3
1991	550	1	2	5
1991	550	2	2	4
1991	551	1	2	5
1991	551	1	2	5
1991	551	1	2	7
1991	551	2	2	3
1991	552	1	2	6
1991	552	1	2	6
1991	553	1	2	5
1991	553	2	1	3
1991	554	2	2	4
1991	554	2	2	5
1991	555	1	1	6
1991	555	1	2	6
1991	555	1	2	8
1991	555	2	2	4
1991	556	1	2	5
1991	556	2	2	3
1991	556	2	2	5
1991	557	1	2	5
1991	557	1	2	6
1991	560	1	2	5
1991	560	2	1	3
1991	560	2	2	5
1991	561	1	2	5
1991	561	2	1	3
1991	561	2	2	5
1991	562	1	2	5
1991	562	1	2	6
1991	562	2	2	5
1991	564	1	2	6
1991	564	2	2	3
1991	565	2	2	4
1991	566	2	2	4
1991	567	1	2	6
1991	567	2	2	4
1991	567	*	*	5
1991	569	1	2	6
1991	569	2	2	4
1991	569	2	2	5
1991	569	2	2	6
1991	570	1	2	5
1991	570	2	1	4
1991	570	2	2	4
1991	571	1	2	6
1991	571	1	2	6
1991	571	2	2	5
1991	572	1	2	7
1991	572	2	2	5
1991	573	1	2	6
1991	573	*	*	6
1991	574	2	2	4
1991	574	2	2	6
1991	574	*	*	6
1991	575	1	2	6
1991	575	1	2	8
1991	576	1	2	6
1991	577	1	2	7
1991	577	*	*	8
1991	578	1	2	7
1991	578	2	2	5
1991	580	2	2	5
1991	581	2	2	5
1991	582	2	2	5
1991	583	1	2	6
1991	583	2	2	4
1991	583	2	2	4
1991	583	2	2	6
1991	583	2	2	7
1991	584	1	2	6
1991	584	2	1	4
1991	584	*	*	4
1991	585	1	2	5
1991	586	2	2	5
1991	586	2	2	6
1991	587	2	2	7
1991	588	1	2	6
1991	588	2	2	5
1991	588	2	2	7
1991	589	1	2	7
1991	589	2	2	5
1991	589	2	2	6
1991	590	2	2	4
1991	591	2	2	4
1991	592	1	2	7
1991	592	2	2	4
1991	593	1	2	8
1991	593	2	2	4
1991	593	2	2	6
1991	595	1	2	6
1991	595	1	2	9
1991	595	2	2	4
1991	596	2	2	6
1991	597	1	2	6
1991	597	2	2	5
1991	597	2	2	6
1991	597	2	2	8
1991	598	2	2	7
1991	599	1	2	8
1991	599	2	2	8
1991	600	2	2	4
1991	600	2	2	6
1991	601	1	2	5
1991	601	2	2	5
1991	602	2	2	5
1991	603	1	2	8
1991	603	2	2	5
1991	606	2	2	5
1991	609	*	*	6
1991	610	2	2	4
1991	612	2	2	4
1991	613	2	2	7
1991	616	2	2	6
1991	616	2	2	7
1991	617	1	2	8
1991	617	2	2	6
1991	619	2	2	8
1991	620	2	2	6
1991	620	2	2	6
1991	621	2	2	5
1991	622	1	2	7
1991	622	*	*	6
1991	623	2	1	8
1991	623	2	2	6
1991	623	2	2	6
1991	624	2	2	6
1991	625	1	2	7
1991	625	1	2	8
1991	626	1	2	8
1991	628	2	2	6
1991	629	2	2	7
1991	630	2	2	5
1991	630	2	2	8
1991	632	2	2	8
1991	634	2	2	5
1991	638	2	2	7
1991	645	2	2	5
1991	645	2	2	6
1991	645	2	2	8
1991	646	2	2	7
1991	647	2	2	6
1991	650	2	2	6
1991	651	2	2	5
1991	652	2	2	6
1991	655	2	2	7
1991	656	2	2	6
1991	660	2	2	7
1991	664	2	2	10
1991	665	2	2	8
1991	675	2	2	9
1991	680	2	2	7
1991	681	2	2	8
1991	682	2	2	8
1991	687	2	1	1
1992	275	1	1	1
1992	296	2	1	1
1992	297	1	1	1
1992	306	1	1	1
1992	307	1	1	1
1992	309	1	1	1
1992	315	1	1	1
1992	315	1	1	1
1992	315	1	1	1
1992	316	1	1	1
1992	316	1	1	1
1992	316	2	1	1
1992	316	2	1	1
1992	319	1	1	1
1992	320	1	1	1
1992	322	2	1	1
1992	324	1	1	1
1992	325	1	1	1
1992	325	1	1	1
1992	327	1	1	1
1992	327	2	1	1
1992	328	1	1	1
1992	328	2	1	1
1992	330	1	1	1
1992	330	2	1	1
1992	332	1	1	1
1992	336	1	1	1
1992	337	2	1	1
1992	338	2	1	1
1992	342	2	1	1
1992	346	2	1	1
1992	376	1	1	2
1992	379	1	1	2
1992	393	2	1	2
1992	406	2	1	2
1992	411	1	1	2
1992	411	1	2	2
1992	411	2	1	2
1992	415	1	2	2
1992	416	1	2	2
1992	417	1	2	2
1992	418	1	2	2
1992	419	2	1	2
1992	421	2	1	2
1992	422	1	1	2
1992	424	1	2	2
1992	427	1	2	2
1992	430	1	2	2
1992	430	2	1	2
1992	431	1	1	2
1992	433	2	1	2
1992	433	2	1	2
1992	437	1	2	2
1992	437	2	1	2
1992	440	2	1	2
1992	441	1	2	2
1992	441	2	1	2
1992	442	2	1	2
1992	443	2	1	2
1992	443	2	1	2
1992	450	2	1	2
1992	454	2	1	3
1992	455	1	2	2
1992	457	2	1	2
1992	459	1	1	2
1992	459	2	1	2
1992	464	1	2	2
1992	466	2	1	3
1992	467	1	2	2
1992	467	1	2	2
1992	472	1	2	2
1992	472	1	2	3
1992	480	1	2	2
1992	480	1	2	3
1992	481	1	2	3
1992	485	1	2	2
1992	485	2	2	3
1992	486	2	1	3
1992	488	1	2	2
1992	488	1	2	3
1992	488	1	2	5
1992	491	1	2	3
1992	491	1	2	3
1992	492	1	2	2
1992	492	2	1	3
1992	492	2	2	3
1992	492	2	2	4
1992	494	2	1	3
1992	495	2	1	3
1992	495	2	2	2
1992	495	2	2	3
1992	496	*	*	3
1992	501	*	*	4
1992	510	1	2	4
1992	510	*	*	3
1992	512	2	2	3
1992	512	*	*	3
1992	513	2	2	3
1992	516	1	2	4
1992	517	1	2	5
1992	518	1	2	4
1992	518	1	2	4
1992	518	*	*	4
1992	523	1	2	3
1992	523	2	1	3
1992	527	1	2	5
1992	527	2	2	4
1992	528	1	2	4
1992	529	*	*	5
1992	530	1	2	5
1992	531	1	2	5
1992	532	1	2	4
1992	534	1	2	4
1992	535	*	*	3
1992	537	2	2	4
1992	538	1	2	6
1992	540	1	2	5
1992	540	1	2	5
1992	540	2	2	4
1992	541	*	*	6
1992	542	*	*	5
1992	543	1	2	4
1992	543	1	2	5
1992	544	2	1	4
1992	545	1	2	7
1992	545	*	*	3
1992	549	2	2	4
1992	555	2	*	5
1992	557	1	2	5
1992	558	*	*	7
1992	560	1	2	5
1992	560	1	2	5
1992	561	1	2	5
1992	561	1	2	6
1992	561	*	*	6
1992	562	1	2	6
1992	563	2	2	7
1992	568	1	2	7
1992	568	*	*	3
1992	570	1	2	6
1992	573	*	*	4
1992	573	*	*	6
1992	577	2	2	4
1992	582	1	2	5
1992	586	1	2	7
1992	594	1	2	7
1992	596	1	2	6
1992	596	2	2	5
1992	600	*	*	4
1992	605	2	2	7
1992	609	*	*	8
1992	611	2	*	6
1992	612	1	2	5
1992	620	2	2	10
1992	621	2	2	8
1992	622	2	2	7
1992	623	1	2	6
1992	625	2	2	8
1992	630	2	2	7
1992	641	2	2	7
1992	643	2	2	7
1992	643	2	2	8
1992	652	2	2	9
1992	653	2	2	6
1992	660	1	2	8
1992	663	2	2	7
1992	665	2	2	7
1992	667	2	2	6
1992	671	2	2	8
1992	674	2	2	7
1992	674	2	2	10
1993	211	2	1	1
1993	295	2	1	1
1993	296	2	1	2
1993	305	2	1	2
1993	305	*	*	1
1993	307	*	*	2
1993	308	2	1	2
1993	310	1	1	1
1993	310	*	*	1
1993	311	*	*	1
1993	312	*	*	1
1993	314	1	1	1
1993	314	2	1	1
1993	315	1	1	1
1993	316	*	*	1
1993	318	*	*	2
1993	321	1	1	1
1993	324	2	1	1
1993	328	1	1	*
1993	333	*	*	1
1993	361	1	2	2
1993	362	1	2	2
1993	366	2	1	2
1993	374	2	1	2
1993	375	1	2	2
1993	378	1	2	3
1993	381	2	1	2
1993	384	1	2	2
1993	385	1	2	2
1993	385	1	2	2
1993	385	2	1	2
1993	386	1	2	2
1993	387	1	2	2
1993	390	1	1	2
1993	391	1	2	2
1993	394	1	2	4
1993	395	1	1	3
1993	395	1	2	2
1993	395	1	2	2
1993	396	1	2	2
1993	398	1	2	2
1993	398	1	2	2
1993	400	1	2	2
1993	401	1	2	3
1993	402	1	2	2
1993	402	1	2	2
1993	402	1	2	2
1993	402	2	1	2
1993	403	1	2	2
1993	404	1	2	2
1993	404	1	2	2
1993	404	1	2	2
1993	404	1	2	2
1993	405	1	2	2
1993	405	1	2	2
1993	405	2	1	2
1993	406	1	1	2
1993	406	2	1	2
1993	406	2	1	2
1993	407	1	2	2
1993	407	1	2	2
1993	407	2	1	3
1993	408	1	2	2
1993	408	2	1	3
1993	409	1	2	2
1993	410	1	1	2
1993	410	1	2	2
1993	410	1	2	3
1993	410	2	1	2
1993	410	*	*	*
1993	412	1	2	2
1993	412	1	2	2
1993	412	1	2	3
1993	412	2	1	2
1993	413	2	1	2
1993	413	2	1	2
1993	413	2	1	2
1993	413	2	1	4
1993	414	1	2	2
1993	414	*	*	2
1993	415	1	2	3
1993	415	2	1	2
1993	415	*	*	*
1993	416	1	2	2
1993	416	2	1	2
1993	416	2	1	2
1993	416	2	1	2
1993	417	1	2	2
1993	417	1	2	2
1993	417	1	2	2
1993	417	1	2	2
1993	417	1	2	4
1993	417	2	1	2
1993	417	2	1	2
1993	418	1	2	3
1993	419	1	2	2
1993	420	1	2	2
1993	420	1	2	2
1993	420	2	1	2
1993	421	1	1	2
1993	421	1	2	2
1993	421	1	2	2
1993	421	*	*	2
1993	422	1	2	2
1993	423	1	2	2
1993	423	1	2	2
1993	423	2	1	2
1993	425	1	2	2
1993	425	1	2	2
1993	425	2	1	2
1993	426	1	2	2
1993	426	2	1	2
1993	427	1	2	2
1993	427	2	1	2
1993	428	1	2	2
1993	428	1	2	2
1993	429	1	2	3
1993	430	2	1	3
1993	432	2	1	2
1993	433	1	2	3
1993	433	*	*	4
1993	434	2	1	2
1993	434	*	*	*
1993	435	2	1	2
1993	435	2	1	2
1993	435	2	1	3
1993	435	2	1	3
1993	436	1	2	3
1993	436	*	*	*
1993	437	1	2	3
1993	438	1	2	2
1993	438	1	2	2
1993	438	1	2	2
1993	440	2	1	2
1993	440	2	1	2
1993	442	1	2	2
1993	442	2	1	2
1993	444	1	2	2
1993	444	1	2	2
1993	444	1	2	3
1993	445	1	2	3
1993	445	1	2	4
1993	445	2	1	3
1993	446	1	2	2
1993	447	2	1	2
1993	447	2	1	3
1993	448	1	2	3
1993	448	*	*	3
1993	449	1	2	4
1993	450	1	2	3
1993	451	1	2	3
1993	452	1	2	3
1993	453	1	2	3
1993	453	1	2	3
1993	456	2	1	2
1993	458	1	2	3
1993	460	1	2	3
1993	460	1	2	3
1993	460	*	*	2
1993	461	1	2	3
1993	463	1	2	3
1993	463	1	2	3
1993	464	*	*	*
1993	465	1	2	3
1993	466	1	2	3
1993	466	1	2	3
1993	469	1	2	3
1993	470	1	2	2
1993	472	1	2	3
1993	472	1	2	3
1993	474	1	2	3
1993	474	1	2	4
1993	474	2	1	3
1993	477	1	2	3
1993	477	1	2	4
1993	478	1	2	4
1993	479	1	2	3
1993	480	1	2	4
1993	480	*	*	4
1993	481	*	*	4
1993	481	1	2	3
1993	483	1	2	3
1993	483	1	2	3
1993	485	1	2	4
1993	488	1	2	3
1993	488	1	2	3
1993	488	1	2	7
1993	488	2	2	3
1993	489	2	1	3
1993	490	1	2	3
1993	490	2	2	3
1993	491	1	2	3
1993	492	1	2	3
1993	492	2	1	3
1993	493	1	2	4
1993	493	2	1	3
1993	494	1	2	4
1993	494	1	2	4
1993	494	*	*	4
1993	495	2	2	3
1993	496	1	2	3
1993	496	1	2	5
1993	497	1	2	6
1993	498	1	2	4
1993	498	1	2	5
1993	499	1	2	4
1993	499	1	2	4
1993	499	1	2	5
1993	500	1	2	4
1993	500	2	1	3
1993	500	2	2	3
1993	501	1	2	5
1993	501	2	1	4
1993	501	*	*	4
1993	503	2	2	4
1993	503	*	*	4
1993	504	1	2	5
1993	504	1	2	*
1993	504	*	*	*
1993	505	2	2	4
1993	506	1	2	4
1993	506	1	2	4
1993	506	2	1	4
1993	506	2	2	4
1993	506	*	*	6
1993	507	1	2	4
1993	507	1	2	5
1993	508	1	2	5
1993	509	*	*	5
1993	510	1	2	4
1993	511	1	2	4
1993	511	1	2	4
1993	511	2	2	4
1993	511	*	*	4
1993	514	1	2	4
1993	514	2	1	3
1993	514	2	2	3
1993	516	2	2	3
1993	516	2	2	4
1993	516	*	*	3
1993	518	1	2	7
1993	520	1	2	4
1993	520	1	2	4
1993	520	1	2	4
1993	520	1	2	5
1993	520	1	2	6
1993	520	2	2	4
1993	521	2	2	4
1993	522	2	2	3
1993	523	1	2	4
1993	523	2	2	4
1993	524	1	2	7
1993	525	1	2	5
1993	526	1	2	4
1993	526	1	2	4
1993	527	1	2	5
1993	528	1	2	6
1993	529	1	2	4
1993	530	1	2	5
1993	530	1	2	6
1993	530	1	2	6
1993	531	1	2	4
1993	531	2	2	4
1993	532	1	2	5
1993	532	1	2	5
1993	532	2	2	7
1993	534	1	2	6
1993	534	2	2	4
1993	534	2	2	4
1993	534	2	2	4
1993	534	2	2	4
1993	535	1	2	7
1993	535	2	2	4
1993	536	1	2	4
1993	536	1	2	4
1993	536	2	2	4
1993	537	1	2	6
1993	538	1	2	5
1993	538	1	2	5
1993	539	1	2	6
1993	539	1	2	*
1993	539	2	2	4
1993	540	1	1	7
1993	540	1	2	5
1993	540	1	2	6
1993	540	1	2	8
1993	540	1	2	*
1993	541	1	2	8
1993	542	1	2	5
1993	544	1	2	5
1993	545	2	2	5
1993	546	2	2	4
1993	547	1	2	7
1993	547	2	2	4
1993	547	2	2	4
1993	547	2	2	6
1993	549	2	2	4
1993	550	2	2	4
1993	553	1	2	4
1993	554	1	2	7
1993	554	1	2	8
1993	554	2	2	5
1993	555	1	2	5
1993	555	1	2	7
1993	557	1	2	6
1993	557	1	2	7
1993	558	1	2	5
1993	558	1	2	8
1993	560	1	2	6
1993	560	1	2	7
1993	560	1	2	*
1993	560	2	2	4
1993	560	2	2	4
1993	560	2	2	4
1993	560	2	2	4
1993	561	1	2	6
1993	561	1	2	6
1993	562	1	2	6
1993	563	1	2	6
1993	563	1	2	7
1993	564	1	2	5
1993	564	1	2	8
1993	564	2	2	4
1993	564	2	2	7
1993	565	1	2	7
1993	566	2	2	5
1993	567	1	2	4
1993	567	1	2	7
1993	567	2	2	4
1993	570	1	2	7
1993	570	2	2	4
1993	571	1	2	6
1993	572	1	2	6
1993	572	1	2	6
1993	572	2	2	5
1993	573	1	2	8
1993	573	2	2	5
1993	573	2	2	8
1993	574	1	2	7
1993	574	1	2	7
1993	574	1	2	7
1993	575	2	2	4
1993	575	2	2	4
1993	577	1	2	5
1993	577	2	2	5
1993	577	2	2	6
1993	578	1	2	5
1993	580	2	2	4
1993	580	2	2	4
1993	583	1	2	7
1993	585	1	2	8
1993	585	2	1	2
1993	590	1	2	8
1993	591	1	2	6
1993	593	1	2	7
1993	596	2	2	6
1993	604	1	2	7
1993	607	1	2	8
1993	607	1	2	9
1993	609	1	2	7
1993	610	2	2	6
1993	615	2	2	7
1993	615	2	2	8
1993	618	1	2	8
1993	620	2	2	8
1993	621	1	2	9
1993	625	1	2	7
1993	632	1	2	9
1993	635	2	2	8
1993	636	2	2	7
1993	639	1	2	8
1993	644	2	2	3
1993	653	2	2	8
1993	668	2	2	8
1993	690	2	2	8
1993	691	2	2	7
1993	693	1	2	12
1993	694	2	2	7
1993	701	2	2	7
1993	701	2	2	13
1994	183	1	1	0
1994	189	1	1	0
1994	199	1	1	0
1994	211	2	1	*
1994	227	1	1	0
1994	235	1	1	0
1994	322	2	1	1
1994	330	2	1	1
1994	338	*	*	1
1994	350	*	*	1
1994	351	*	*	1
1994	353	*	*	1
1994	394	*	*	1
1994	399	*	*	2
1994	400	*	*	2
1994	403	*	*	2
1994	404	*	*	2
1994	404	1	2	2
1994	406	*	*	2
1994	412	2	1	2
1994	414	*	*	2
1994	416	1	2	2
1994	420	*	*	3
1994	423	2	1	2
1994	429	*	*	2
1994	429	1	1	3
1994	439	*	*	2
1994	443	1	2	3
1994	450	*	*	3
1994	451	1	2	3
1994	454	*	*	3
1994	454	*	*	3
1994	455	2	1	3
1994	457	*	*	3
1994	458	*	*	3
1994	459	*	*	3
1994	462	1	2	3
1994	462	1	2	3
1994	463	*	*	3
1994	463	*	*	3
1994	463	1	2	3
1994	463	2	2	3
1994	467	2	2	3
1994	468	1	2	3
1994	469	*	*	4
1994	470	1	2	3
1994	473	2	2	3
1994	474	*	*	4
1994	477	1	2	4
1994	480	1	2	3
1994	480	1	2	4
1994	482	2	1	3
1994	483	1	2	3
1994	484	*	*	3
1994	484	*	*	4
1994	486	2	2	3
1994	486	2	2	3
1994	490	*	*	4
1994	490	*	*	4
1994	491	*	*	4
1994	494	*	*	5
1994	494	*	*	5
1994	496	*	*	4
1994	500	2	2	3
1994	502	*	*	4
1994	503	*	*	4
1994	503	*	*	5
1994	504	*	*	4
1994	505	2	2	4
1994	506	*	*	3
1994	506	1	2	4
1994	507	*	*	4
1994	508	2	2	4
1994	509	*	*	5
1994	512	*	*	3
1994	512	*	*	5
1994	512	1	2	5
1994	518	1	2	4
1994	520	1	2	4
1994	520	1	2	5
1994	521	1	2	4
1994	521	1	2	6
1994	522	1	2	5
1994	523	*	*	6
1994	523	1	2	5
1994	523	2	2	4
1994	524	*	*	4
1994	524	1	2	6
1994	527	1	2	5
1994	528	2	2	4
1994	530	*	*	4
1994	530	1	2	4
1994	533	1	2	5
1994	534	1	2	4
1994	534	1	2	4
1994	535	*	*	6
1994	535	2	2	4
1994	536	*	*	4
1994	537	*	*	5
1994	537	*	*	6
1994	539	1	2	5
1994	539	1	2	5
1994	540	1	2	5
1994	540	1	2	5
1994	540	1	2	6
1994	542	*	*	5
1994	542	*	*	7
1994	544	*	*	7
1994	544	1	2	6
1994	546	*	*	5
1994	546	1	2	6
1994	547	*	*	4
1994	547	*	*	4
1994	547	1	2	5
1994	547	1	2	5
1994	548	1	2	7
1994	552	*	*	4
1994	553	*	*	6
1994	554	1	2	4
1994	555	*	*	6
1994	556	1	2	5
1994	557	*	*	6
1994	557	*	*	6
1994	557	1	2	6
1994	559	*	*	5
1994	560	1	2	6
1994	561	*	*	6
1994	561	1	2	7
1994	561	2	2	5
1994	564	1	2	6
1994	565	1	2	7
1994	565	2	2	4
1994	566	1	2	6
1994	568	*	*	8
1994	569	*	*	6
1994	570	1	2	6
1994	573	*	*	6
1994	576	*	*	3
1994	576	2	2	4
1994	581	1	2	6
1994	581	1	2	7
1994	582	*	*	5
1994	583	*	*	3
1994	584	2	2	5
1994	587	1	2	4
1994	588	*	*	2
1994	590	1	2	7
1994	592	*	*	8
1994	593	2	2	5
1994	598	1	2	7
1994	599	*	*	6
1994	599	*	*	6
1994	602	*	*	4
1994	609	*	*	8
1994	613	*	*	6
1994	616	2	2	6
1994	620	1	2	8
1994	620	2	2	7
1994	622	*	*	7
1994	636	2	2	7
1994	649	2	2	6
1994	666	2	2	7
1994	670	*	*	8
1994	702	*	*	7
1994	711	2	2	7
1994	713	*	*	7
1995	192	1	1	0
1995	205	1	1	0
1995	215	1	2	4
1995	219	2	1	1
1995	223	1	1	0
1995	226	2	1	0
1995	226	2	1	0
1995	228	2	1	0
1995	230	2	1	0
1995	233	1	1	0
1995	236	2	1	0
1995	238	1	1	0
1995	247	1	1	1
1995	285	1	1	1
1995	305	1	1	1
1995	320	1	1	1
1995	329	1	1	1
1995	331	2	1	1
1995	332	2	1	1
1995	334	1	1	1
1995	334	2	1	1
1995	335	2	1	1
1995	336	1	1	1
1995	336	1	2	1
1995	337	1	1	1
1995	339	1	1	1
1995	339	1	1	1
1995	339	1	2	1
1995	339	2	1	1
1995	339	2	1	2
1995	340	2	1	1
1995	341	1	1	1
1995	341	2	1	1
1995	342	1	1	1
1995	343	1	1	1
1995	343	1	1	1
1995	344	1	1	1
1995	345	2	1	1
1995	345	2	1	1
1995	346	2	1	1
1995	346	2	1	1
1995	346	*	*	1
1995	347	2	1	1
1995	348	1	1	1
1995	348	2	1	1
1995	348	2	1	1
1995	349	1	1	1
1995	349	1	2	1
1995	350	1	2	1
1995	351	1	1	1
1995	351	1	2	1
1995	352	2	1	1
1995	353	1	1	1
1995	353	1	1	1
1995	353	2	1	1
1995	354	1	1	1
1995	354	2	1	1
1995	355	1	1	1
1995	355	1	2	1
1995	356	2	1	1
1995	357	1	1	1
1995	357	2	1	1
1995	358	1	1	1
1995	358	2	1	1
1995	358	2	1	1
1995	359	1	1	1
1995	359	1	1	1
1995	360	1	1	1
1995	360	2	1	1
1995	361	1	1	1
1995	362	2	1	1
1995	363	2	1	1
1995	363	2	1	1
1995	363	2	1	1
1995	366	2	1	1
1995	366	2	1	1
1995	366	2	1	1
1995	368	1	1	1
1995	371	2	1	1
1995	373	2	1	1
1995	374	2	1	1
1995	380	1	2	1
1995	384	1	1	1
1995	427	1	2	4
1995	441	2	1	3
1995	442	1	2	3
1995	445	1	2	3
1995	447	1	2	3
1995	450	1	2	4
1995	454	1	2	4
1995	454	1	2	4
1995	455	1	2	3
1995	456	1	2	3
1995	456	1	2	3
1995	457	1	2	3
1995	457	1	2	4
1995	457	2	1	2
1995	459	1	2	3
1995	460	1	2	3
1995	465	1	2	3
1995	466	1	2	3
1995	469	1	2	3
1995	469	1	2	4
1995	470	1	2	3
1995	473	1	2	3
1995	473	1	2	3
1995	473	1	2	4
1995	474	1	2	3
1995	474	1	2	4
1995	475	1	1	3
1995	477	1	2	3
1995	477	1	2	4
1995	477	2	2	3
1995	478	1	2	4
1995	478	1	2	6
1995	479	1	1	3
1995	483	1	2	3
1995	483	1	2	4
1995	485	1	2	4
1995	487	1	2	4
1995	487	1	2	5
1995	488	1	2	5
1995	489	1	2	4
1995	490	1	2	4
1995	492	1	2	4
1995	492	1	2	4
1995	493	2	2	3
1995	496	1	2	4
1995	497	2	2	3
1995	498	1	2	4
1995	499	1	2	4
1995	500	2	2	4
1995	501	1	2	5
1995	501	1	2	5
1995	502	1	2	4
1995	502	1	2	5
1995	503	1	2	6
1995	503	1	2	6
1995	504	1	2	4
1995	504	1	2	4
1995	504	1	2	7
1995	504	1	2	8
1995	505	1	2	5
1995	505	1	2	5
1995	506	1	2	4
1995	506	1	2	5
1995	507	1	2	4
1995	507	1	2	5
1995	508	1	2	3
1995	508	1	2	4
1995	510	1	2	5
1995	512	1	2	5
1995	512	1	2	6
1995	513	1	2	4
1995	513	1	2	5
1995	513	2	2	4
1995	513	2	2	4
1995	514	1	2	4
1995	515	1	2	4
1995	516	1	2	5
1995	516	1	2	5
1995	516	1	2	7
1995	517	2	1	4
1995	518	1	2	4
1995	519	1	2	5
1995	519	1	2	5
1995	519	1	2	6
1995	519	1	2	8
1995	519	2	2	4
1995	521	1	2	4
1995	522	1	2	3
1995	522	1	2	5
1995	522	1	2	6
1995	522	1	2	6
1995	523	1	2	6
1995	524	1	2	5
1995	524	1	2	5
1995	524	1	2	6
1995	525	1	2	5
1995	525	1	2	5
1995	525	1	2	5
1995	526	1	2	5
1995	527	1	2	8
1995	528	1	2	7
1995	529	1	2	4
1995	531	1	2	5
1995	531	1	2	6
1995	532	1	2	5
1995	533	2	2	4
1995	534	1	2	4
1995	535	1	2	6
1995	535	2	2	4
1995	536	1	2	5
1995	536	1	2	6
1995	536	2	2	4
1995	537	1	2	6
1995	538	1	2	4
1995	538	1	2	5
1995	538	2	2	5
1995	539	1	2	5
1995	540	1	2	5
1995	540	2	2	4
1995	541	1	2	5
1995	541	2	2	4
1995	542	1	2	4
1995	542	1	2	7
1995	543	1	2	7
1995	543	1	2	7
1995	544	1	2	6
1995	545	2	2	6
1995	546	1	2	8
1995	547	1	2	7
1995	547	2	2	5
1995	548	1	2	5
1995	548	2	2	5
1995	549	1	2	6
1995	549	2	2	6
1995	551	1	2	4
1995	551	1	2	6
1995	552	1	2	7
1995	552	1	2	7
1995	552	2	2	4
1995	554	2	2	4
1995	555	1	2	5
1995	555	1	2	7
1995	558	1	2	5
1995	558	1	2	6
1995	558	2	2	6
1995	559	1	2	6
1995	561	1	2	7
1995	562	1	2	6
1995	562	1	2	7
1995	562	1	2	9
1995	563	1	2	5
1995	563	1	2	6
1995	563	2	2	4
1995	563	2	2	5
1995	564	2	2	6
1995	565	1	2	5
1995	565	1	2	6
1995	565	1	2	7
1995	565	2	2	5
1995	566	1	2	7
1995	567	1	2	5
1995	570	1	2	5
1995	571	2	2	5
1995	572	1	2	6
1995	572	1	2	7
1995	572	2	2	6
1995	574	1	2	8
1995	574	2	2	5
1995	575	1	2	6
1995	575	2	2	4
1995	576	2	2	6
1995	576	2	2	6
1995	577	1	2	8
1995	578	1	2	5
1995	578	1	2	8
1995	578	2	2	5
1995	580	1	2	6
1995	580	1	2	8
1995	580	1	2	11
1995	582	1	2	6
1995	582	1	2	7
1995	582	2	2	5
1995	583	1	2	5
1995	584	1	2	7
1995	585	1	2	7
1995	585	2	2	5
1995	586	1	2	5
1995	586	1	2	7
1995	586	2	2	5
1995	587	2	2	6
1995	588	2	2	5
1995	590	1	2	6
1995	590	1	2	8
1995	590	2	2	5
1995	591	2	2	6
1995	591	2	2	6
1995	592	1	2	6
1995	592	1	2	7
1995	593	2	2	5
1995	596	1	2	8
1995	596	1	2	8
1995	597	1	2	8
1995	598	2	2	5
1995	601	2	2	6
1995	604	1	2	7
1995	605	2	2	7
1995	607	1	2	10
1995	608	1	2	8
1995	610	1	2	7
1995	616	1	2	5
1995	628	2	2	7
1995	630	1	2	9
1995	634	2	2	8
1995	650	2	2	6
1995	655	2	2	8
1995	658	1	2	8
1995	691	2	2	8
1995	694	2	2	11
1995	712	2	2	7
1996	286	2	1	1
1996	291	*	*	1
1996	314	2	1	1
1996	318	*	*	2
1996	320	*	*	1
1996	327	2	1	1
1996	328	*	*	1
1996	330	1	1	1
1996	335	*	*	*
1996	337	*	*	1
1996	337	*	*	5
1996	338	*	*	1
1996	338	1	1	1
1996	338	2	1	1
1996	341	*	*	1
1996	341	*	*	1
1996	341	2	1	1
1996	341	2	1	*
1996	342	*	*	1
1996	342	1	2	1
1996	344	*	*	1
1996	344	1	1	1
1996	346	2	1	1
1996	346	2	1	1
1996	347	2	1	1
1996	348	1	2	1
1996	348	2	1	1
1996	349	1	1	1
1996	349	*	*	1
1996	351	*	*	1
1996	351	*	*	1
1996	353	*	*	1
1996	353	1	1	1
1996	354	2	1	1
1996	355	*	*	1
1996	355	1	1	1
1996	355	2	1	1
1996	356	2	1	1
1996	358	2	1	1
1996	361	1	1	1
1996	361	2	1	1
1996	361	*	*	1
1996	362	2	1	1
1996	364	2	1	1
1996	365	1	2	1
1996	372	2	1	1
1996	375	1	1	1
1996	381	*	*	2
1996	382	1	1	1
1996	383	2	2	9
1996	391	2	1	2
1996	394	*	*	2
1996	401	*	*	2
1996	402	1	2	2
1996	403	*	*	2
1996	403	1	2	2
1996	406	1	2	2
1996	407	1	2	2
1996	409	*	*	2
1996	412	2	1	2
1996	414	1	2	2
1996	414	1	2	2
1996	415	*	*	2
1996	416	*	*	2
1996	416	*	*	3
1996	416	1	2	*
1996	418	2	1	2
1996	419	*	*	2
1996	421	*	*	2
1996	422	1	2	2
1996	425	1	2	2
1996	425	1	2	2
1996	425	1	2	2
1996	426	1	2	2
1996	426	1	2	2
1996	427	*	*	2
1996	428	*	*	2
1996	430	*	*	2
1996	430	*	*	5
1996	431	*	*	2
1996	432	*	*	2
1996	432	1	2	2
1996	433	*	*	2
1996	433	*	*	2
1996	434	*	*	2
1996	435	1	2	2
1996	437	*	*	2
1996	437	1	2	*
1996	437	2	1	2
1996	438	*	*	2
1996	438	2	1	2
1996	440	*	*	2
1996	440	*	*	5
1996	442	*	*	2
1996	442	2	1	2
1996	442	2	2	2
1996	444	*	*	*
1996	445	*	*	2
1996	445	*	*	2
1996	445	1	2	2
1996	445	2	1	2
1996	445	*	*	2
1996	446	*	*	2
1996	446	*	*	2
1996	446	*	*	2
1996	447	*	*	4
1996	447	2	1	2
1996	448	1	2	2
1996	450	*	*	2
1996	450	1	2	2
1996	451	*	*	2
1996	452	2	1	2
1996	452	*	*	2
1996	452	*	*	3
1996	453	1	2	2
1996	454	*	*	1
1996	455	2	1	2
1996	456	1	2	2
1996	458	2	1	2
1996	459	*	*	2
1996	461	1	2	8
1996	462	*	*	2
1996	462	*	*	3
1996	465	2	1	2
1996	466	*	*	2
1996	466	2	1	3
1996	467	2	1	3
1996	468	1	2	3
1996	469	2	1	2
1996	469	*	*	2
1996	474	1	2	5
1996	475	1	2	2
1996	475	1	2	3
1996	479	1	2	2
1996	480	2	2	3
1996	485	*	*	3
1996	490	*	*	3
1996	492	1	2	3
1996	496	*	*	5
1996	497	*	*	2
1996	500	*	*	2
1996	500	*	*	6
1996	502	*	*	5
1996	502	*	*	5
1996	503	2	2	1
1996	505	1	2	5
1996	505	1	2	5
1996	507	1	2	4
1996	508	*	*	7
1996	508	1	2	5
1996	510	1	2	5
1996	511	*	*	5
1996	512	*	*	6
1996	512	*	*	5
1996	514	*	*	5
1996	515	*	*	7
1996	515	1	2	5
1996	515	1	2	6
1996	517	1	2	5
1996	518	*	*	6
1996	518	1	2	5
1996	520	*	*	5
1996	521	*	*	5
1996	522	*	*	6
1996	524	*	*	5
1996	525	1	2	4
1996	525	1	2	5
1996	526	*	*	5
1996	527	2	2	4
1996	531	*	*	9
1996	531	1	2	7
1996	532	1	2	6
1996	534	*	*	6
1996	536	1	2	6
1996	537	1	2	8
1996	539	1	2	6
1996	539	*	*	5
1996	542	1	2	6
1996	542	1	2	7
1996	543	*	*	7
1996	546	1	2	6
1996	547	*	*	7
1996	551	1	2	5
1996	551	*	*	7
1996	552	1	2	7
1996	552	1	2	8
1996	552	2	2	4
1996	552	*	*	7
1996	552	*	*	7
1996	553	1	2	7
1996	553	*	*	5
1996	555	1	2	7
1996	558	2	2	*
1996	559	1	2	7
1996	560	1	2	7
1996	562	1	2	8
1996	563	1	2	8
1996	565	*	*	7
1996	565	*	*	7
1996	565	1	2	8
1996	566	*	*	7
1996	566	1	2	7
1996	566	1	2	7
1996	567	*	*	10
1996	568	1	2	6
1996	569	2	2	5
1996	569	2	2	5
1996	570	*	*	7
1996	570	*	*	8
1996	570	2	2	6
1996	574	1	2	8
1996	575	1	2	7
1996	575	1	2	8
1996	577	2	2	4
1996	578	1	2	7
1996	580	1	2	7
1996	580	2	2	6
1996	581	*	*	4
1996	581	*	*	6
1996	581	2	2	5
1996	582	2	2	4
1996	582	2	2	7
1996	582	2	2	7
1996	583	*	*	2
1996	583	1	2	8
1996	585	1	2	9
1996	585	2	2	5
1996	585	2	2	5
1996	587	1	2	6
1996	588	*	*	5
1996	588	2	2	6
1996	589	*	*	3
1996	589	1	2	6
1996	592	1	2	10
1996	593	*	*	6
1996	595	*	*	9
1996	597	*	*	6
1996	598	*	*	7
1996	598	*	*	9
1996	601	*	*	6
1996	603	*	*	8
1996	610	*	*	9
1996	612	*	*	6
1996	617	*	*	6
1996	621	2	2	6
1996	625	*	*	9
1996	627	1	2	6
1996	627	2	2	6
1996	627	*	*	8
1996	629	*	*	6
1996	630	2	2	6
1996	636	2	2	6
1996	638	*	*	6
1996	647	*	*	7
1996	653	*	*	7
1996	657	*	*	7
1996	657	2	2	6
1996	665	2	2	8
1996	674	2	2	8
1996	675	*	*	9
1996	693	2	2	6
1996	697	2	2	9
1996	698	*	*	9
1996	706	*	*	9
1996	714	2	2	10
1996	720	2	2	9
1996	758	2	2	10
1997	186	*	*	*
1997	204	1	1	0
1997	205	1	1	0
1997	276	2	1	1
1997	308	2	1	2
1997	337	2	1	1
1997	343	2	1	1
1997	345	1	1	1
1997	347	1	1	1
1997	377	1	1	2
1997	396	2	1	2
1997	398	1	2	2
1997	398	1	2	3
1997	400	1	2	2
1997	407	1	2	2
1997	408	2	1	2
1997	409	2	1	3
1997	409	2	1	3
1997	409	*	*	2
1997	411	1	2	2
1997	412	1	2	3
1997	412	2	1	*
1997	414	*	*	2
1997	415	1	2	2
1997	417	1	2	2
1997	417	2	1	2
1997	418	2	1	2
1997	419	1	2	2
1997	421	2	1	2
1997	424	1	1	2
1997	425	2	1	2
1997	427	2	1	2
1997	428	1	2	2
1997	429	1	2	2
1997	430	2	1	2
1997	430	2	1	2
1997	430	*	*	3
1997	431	2	2	2
1997	432	1	2	3
1997	433	1	2	2
1997	434	1	2	3
1997	435	1	1	2
1997	435	1	2	2
1997	435	2	1	2
1997	435	2	1	2
1997	436	1	2	2
1997	436	2	1	2
1997	438	1	*	2
1997	440	2	1	2
1997	445	1	2	3
1997	446	1	2	3
1997	449	*	*	3
1997	450	1	2	3
1997	450	2	1	2
1997	450	2	1	3
1997	450	2	1	3
1997	450	*	*	3
1997	452	1	2	3
1997	452	1	2	3
1997	453	2	1	3
1997	453	*	*	3
1997	455	1	2	3
1997	457	*	*	3
1997	460	1	2	3
1997	460	2	1	3
1997	461	1	2	3
1997	461	2	1	3
1997	462	1	2	3
1997	462	1	2	3
1997	462	*	*	3
1997	466	1	2	3
1997	466	2	2	3
1997	467	*	*	3
1997	468	1	2	3
1997	468	1	2	3
1997	469	*	*	3
1997	470	1	2	3
1997	470	2	2	3
1997	471	2	2	3
1997	472	1	2	3
1997	473	1	2	3
1997	475	1	2	3
1997	478	1	2	4
1997	478	2	2	3
1997	480	1	2	3
1997	481	2	1	3
1997	484	1	2	4
1997	484	2	2	3
1997	485	1	2	3
1997	486	2	2	3
1997	488	1	2	5
1997	490	1	2	3
1997	492	1	2	3
1997	492	2	2	3
1997	493	2	1	*
1997	494	*	*	6
1997	499	1	2	4
1997	500	1	2	5
1997	500	1	2	6
1997	500	2	2	3
1997	500	*	*	3
1997	505	1	2	5
1997	505	2	2	3
1997	505	2	2	3
1997	505	*	*	4
1997	510	1	2	8
1997	511	2	1	4
1997	511	2	2	3
1997	513	1	1	8
1997	513	1	2	4
1997	513	2	1	3
1997	515	1	2	6
1997	515	1	2	8
1997	515	2	2	3
1997	517	1	2	6
1997	518	2	2	4
1997	519	1	2	5
1997	520	1	2	6
1997	520	1	2	9
1997	521	*	*	8
1997	522	1	2	5
1997	522	1	2	9
1997	522	*	*	4
1997	523	2	1	3
1997	524	1	2	7
1997	525	1	2	6
1997	525	1	2	7
1997	528	*	*	3
1997	529	1	2	7
1997	529	2	2	3
1997	532	1	2	6
1997	533	1	*	8
1997	535	1	2	6
1997	535	1	2	7
1997	535	1	2	7
1997	536	1	2	5
1997	536	*	*	6
1997	539	*	*	6
1997	540	1	2	6
1997	540	1	2	7
1997	541	1	2	5
1997	542	*	*	8
1997	544	1	2	7
1997	545	1	2	9
1997	546	1	2	9
1997	548	1	2	8
1997	550	1	2	7
1997	550	1	2	9
1997	552	1	2	9
1997	553	1	2	6
1997	554	1	2	6
1997	554	1	2	8
1997	555	1	2	6
1997	555	1	2	7
1997	556	1	2	9
1997	560	1	2	9
1997	560	2	2	6
1997	561	2	2	5
1997	564	1	2	6
1997	564	1	2	8
1997	565	1	2	6
1997	565	1	2	7
1997	568	1	2	8
1997	568	1	2	9
1997	569	*	*	6
1997	573	1	2	9
1997	575	1	2	6
1997	575	1	2	7
1997	577	1	2	8
1997	580	1	2	8
1997	580	1	2	8
1997	582	1	2	8
1997	582	1	2	8
1997	582	1	2	9
1997	585	1	2	9
1997	585	*	*	6
1997	587	1	2	8
1997	589	2	2	5
1997	592	1	2	7
1997	593	2	2	6
1997	595	1	2	9
1997	596	2	2	5
1997	600	1	2	10
1997	602	*	*	10
1997	606	2	2	6
1997	616	1	2	9
1997	620	2	2	10
1997	623	1	2	9
1997	634	2	2	11
1997	635	2	2	7
1997	638	2	2	9
1997	640	2	2	7
1997	640	*	*	7
1997	647	2	2	7
1997	647	*	*	8
1997	652	*	*	10
1997	657	2	2	8
1997	660	2	2	7
1997	660	2	2	8
1997	676	2	2	8
1997	689	*	*	8
1997	708	2	2	8
1997	710	2	2	9
1997	747	2	2	13
1998	175	*	*	*
1998	194	1	1	*
1998	195	2	1	0
1998	195	*	*	0
1998	200	*	*	*
1998	210	*	*	4
1998	216	1	1	0
1998	216	1	1	*
1998	222	1	1	*
1998	225	*	*	3
1998	226	1	1	0
1998	226	2	1	0
1998	230	*	*	0
1998	235	1	1	0
1998	236	1	1	0
1998	237	2	1	0
1998	237	2	1	0
1998	244	1	1	0
1998	244	2	1	0
1998	246	*	*	4
1998	261	*	*	5
1998	282	2	1	1
1998	288	1	1	1
1998	296	1	2	1
1998	317	2	1	1
1998	319	1	1	1
1998	319	2	1	1
1998	320	1	1	1
1998	322	2	1	1
1998	322	2	1	1
1998	323	1	1	1
1998	323	2	1	1
1998	324	2	1	1
1998	324	2	1	1
1998	324	*	*	1
1998	325	1	1	1
1998	326	1	1	1
1998	326	2	1	1
1998	326	2	1	1
1998	329	1	1	1
1998	331	1	1	1
1998	331	1	1	1
1998	331	2	1	1
1998	332	2	1	1
1998	333	2	1	1
1998	334	2	1	1
1998	335	1	1	1
1998	335	1	1	1
1998	336	1	1	1
1998	339	1	1	1
1998	340	1	1	1
1998	340	1	2	1
1998	340	2	1	1
1998	340	2	1	1
1998	340	2	1	1
1998	341	2	1	1
1998	341	2	1	1
1998	342	1	1	1
1998	342	2	1	1
1998	342	2	1	1
1998	343	2	1	1
1998	344	2	1	1
1998	344	2	1	1
1998	345	2	1	1
1998	345	2	1	1
1998	346	1	2	1
1998	347	2	1	1
1998	347	2	1	1
1998	348	1	1	1
1998	349	1	1	1
1998	349	1	1	1
1998	350	1	1	1
1998	350	2	1	1
1998	351	1	1	1
1998	351	2	1	1
1998	352	1	1	1
1998	352	1	2	1
1998	353	2	1	1
1998	355	1	1	1
1998	355	1	1	1
1998	355	1	1	1
1998	356	1	1	1
1998	356	2	1	1
1998	358	1	1	1
1998	359	1	2	1
1998	360	1	1	1
1998	360	1	1	1
1998	361	1	1	1
1998	362	1	1	1
1998	362	1	2	1
1998	362	2	1	1
1998	364	2	1	1
1998	365	2	1	1
1998	370	1	1	1
1998	370	2	1	1
1998	373	2	1	1
1998	373	2	1	2
1998	380	2	1	1
1998	427	2	1	2
1998	433	1	2	3
1998	435	2	1	2
1998	440	1	1	4
1998	445	1	2	4
1998	447	1	2	3
1998	451	1	2	3
1998	455	1	2	3
1998	461	1	2	5
1998	466	1	2	3
1998	466	1	2	3
1998	467	1	2	4
1998	470	1	2	4
1998	470	2	1	3
1998	473	1	2	4
1998	475	1	2	3
1998	475	1	2	4
1998	476	1	2	4
1998	479	1	2	4
1998	479	1	2	5
1998	482	1	2	4
1998	485	1	2	4
1998	490	1	2	3
1998	493	2	2	3
1998	494	2	1	4
1998	495	1	2	3
1998	495	1	2	5
1998	496	2	1	3
1998	497	2	2	3
1998	499	1	2	4
1998	499	1	2	5
1998	506	2	1	3
1998	507	1	2	3
1998	509	1	2	4
1998	510	2	2	5
1998	513	1	2	7
1998	514	2	2	3
1998	515	2	1	3
1998	515	2	2	4
1998	516	1	2	8
1998	517	2	2	4
1998	520	1	2	5
1998	520	2	2	5
1998	522	2	1	3
1998	522	2	2	4
1998	524	1	2	7
1998	525	1	2	7
1998	526	2	1	3
1998	527	2	1	4
1998	527	2	2	4
1998	527	2	2	4
1998	527	2	2	4
1998	529	2	2	4
1998	530	1	2	7
1998	530	2	1	3
1998	530	2	2	3
1998	531	1	2	5
1998	531	2	2	3
1998	531	2	2	4
1998	531	2	2	4
1998	532	1	2	7
1998	532	2	2	3
1998	532	2	2	4
1998	534	1	2	6
1998	534	2	2	4
1998	534	2	2	5
1998	536	2	2	4
1998	536	2	2	9
1998	538	1	2	6
1998	538	1	2	7
1998	539	1	2	7
1998	539	1	2	8
1998	540	1	2	7
1998	541	1	2	5
1998	541	1	2	8
1998	541	1	2	8
1998	542	1	2	6
1998	542	1	2	7
1998	542	1	2	10
1998	545	2	2	4
1998	546	1	2	7
1998	546	2	2	4
1998	546	2	2	5
1998	547	2	2	4
1998	547	2	2	4
1998	549	2	2	4
1998	549	2	2	4
1998	551	1	2	7
1998	552	2	2	4
1998	552	2	2	4
1998	553	1	2	8
1998	555	1	2	6
1998	555	1	2	6
1998	556	1	2	11
1998	557	1	2	5
1998	557	2	1	4
1998	560	1	2	7
1998	563	2	1	4
1998	564	1	2	7
1998	564	1	2	8
1998	564	2	2	4
1998	565	1	2	6
1998	565	2	2	4
1998	566	1	2	7
1998	566	1	2	8
1998	566	1	2	8
1998	567	1	1	7
1998	567	1	2	9
1998	570	2	2	8
1998	571	2	2	4
1998	571	2	2	4
1998	571	2	2	6
1998	575	2	2	6
1998	576	1	2	8
1998	576	1	2	9
1998	576	2	2	4
1998	581	1	2	8
1998	584	1	2	10
1998	596	1	2	10
1998	597	1	2	8
1998	597	1	2	9
1998	601	2	2	6
1998	609	1	2	8
1998	610	2	2	7
1998	611	1	2	10
1998	612	2	2	6
1998	620	2	2	7
1998	621	1	2	12
1998	630	2	2	9
1998	645	2	2	10
1998	655	2	2	8
1998	663	1	2	10
1998	674	2	2	9
1998	705	2	2	9
1998	724	2	2	10
1998	*	2	2	10
1999	222	1	1	0
1999	306	1	1	1
1999	314	2	1	1
1999	319	2	1	1
1999	327	1	1	1
1999	328	2	1	1
1999	334	2	1	1
1999	335	2	1	1
1999	337	1	1	1
1999	337	1	2	1
1999	339	2	1	1
1999	340	1	1	1
1999	341	1	1	1
1999	341	1	1	1
1999	342	1	1	2
1999	343	2	1	1
1999	344	1	1	1
1999	344	1	2	1
1999	344	2	1	1
1999	344	2	1	1
1999	345	1	1	1
1999	345	1	2	1
1999	345	2	1	1
1999	346	1	1	1
1999	346	1	1	1
1999	347	1	1	1
1999	347	2	1	1
1999	347	2	1	1
1999	348	1	1	1
1999	348	2	1	1
1999	349	1	1	1
1999	350	2	1	1
1999	351	1	1	1
1999	351	2	1	1
1999	352	1	1	1
1999	352	1	1	1
1999	352	2	1	1
1999	353	1	1	1
1999	354	2	1	1
1999	354	2	1	1
1999	355	1	1	1
1999	355	2	1	1
1999	355	2	1	1
1999	355	2	1	1
1999	356	1	1	1
1999	356	1	2	1
1999	356	2	1	1
1999	356	2	1	1
1999	358	1	1	1
1999	358	1	1	1
1999	358	1	1	1
1999	358	2	1	1
1999	359	1	1	1
1999	360	1	1	1
1999	360	2	1	1
1999	360	2	1	1
1999	361	1	1	1
1999	361	1	1	1
1999	361	2	1	1
1999	362	1	1	1
1999	362	1	1	1
1999	362	1	1	1
1999	362	1	2	1
1999	362	1	2	1
1999	363	1	1	1
1999	363	1	1	1
1999	363	1	1	1
1999	363	1	1	1
1999	363	1	2	1
1999	363	2	1	1
1999	363	2	1	1
1999	364	1	1	1
1999	364	2	1	1
1999	364	2	1	1
1999	366	1	2	1
1999	366	2	1	1
1999	367	1	1	1
1999	367	1	1	1
1999	367	1	1	1
1999	367	1	1	1
1999	367	1	1	1
1999	367	2	1	1
1999	369	2	1	1
1999	370	2	1	1
1999	370	2	1	1
1999	370	2	1	1
1999	371	1	1	1
1999	371	1	1	1
1999	371	1	1	1
1999	371	2	1	1
1999	371	2	1	1
1999	371	2	1	1
1999	371	2	1	1
1999	372	1	1	1
1999	372	2	1	1
1999	372	2	1	1
1999	372	2	1	1
1999	373	2	1	1
1999	373	2	1	1
1999	374	1	1	1
1999	374	1	1	1
1999	374	1	2	1
1999	374	2	1	1
1999	374	2	1	1
1999	374	2	1	1
1999	375	1	1	1
1999	375	2	1	1
1999	376	1	2	2
1999	376	2	1	1
1999	377	1	1	1
1999	377	2	1	1
1999	377	2	1	1
1999	377	2	1	1
1999	380	1	1	1
1999	380	1	2	1
1999	380	2	1	1
1999	381	2	1	1
1999	381	2	1	1
1999	382	2	1	1
1999	385	2	1	1
1999	387	2	1	1
1999	390	2	1	1
1999	390	2	1	1
1999	391	2	1	1
1999	394	2	1	1
1999	397	1	2	2
1999	405	1	1	2
1999	415	1	1	2
1999	416	1	1	2
1999	421	1	2	2
1999	422	1	1	2
1999	426	1	2	2
1999	429	1	2	2
1999	431	1	2	2
1999	432	2	1	2
1999	435	1	2	2
1999	435	2	1	2
1999	436	2	1	2
1999	439	1	2	2
1999	439	2	1	2
1999	440	2	1	2
1999	442	1	2	2
1999	442	*	*	2
1999	444	2	1	2
1999	444	2	1	2
1999	445	1	1	2
1999	447	1	2	2
1999	447	1	2	4
1999	450	2	1	2
1999	451	1	2	2
1999	451	2	1	2
1999	452	2	1	2
1999	452	2	1	2
1999	452	2	1	2
1999	453	2	1	2
1999	454	1	2	2
1999	455	2	1	2
1999	461	1	2	2
1999	462	1	2	3
1999	462	2	1	2
1999	463	2	1	2
1999	465	2	2	2
1999	466	2	1	2
1999	466	2	2	3
1999	469	2	1	2
1999	470	1	2	8
1999	471	1	2	7
1999	476	1	2	2
1999	480	1	2	4
1999	484	1	2	3
1999	484	1	2	4
1999	487	1	2	4
1999	494	1	2	5
1999	505	1	2	4
1999	506	1	2	5
1999	507	1	2	4
1999	519	1	1	4
1999	520	1	2	4
1999	522	1	2	5
1999	526	1	2	7
1999	527	1	2	5
1999	527	1	2	7
1999	531	1	2	7
1999	532	1	2	6
1999	537	1	2	5
1999	537	1	2	8
1999	538	1	2	7
1999	541	1	2	8
1999	542	1	2	6
1999	542	2	2	5
1999	543	2	2	4
1999	544	1	2	5
1999	545	1	2	7
1999	545	1	2	8
1999	546	1	2	7
1999	546	1	2	8
1999	548	1	2	5
1999	551	1	2	5
1999	555	2	2	4
1999	556	1	2	9
1999	556	2	2	5
1999	559	2	2	7
1999	561	1	2	6
1999	561	1	2	7
1999	561	2	2	5
1999	561	2	2	6
1999	566	1	2	7
1999	567	*	*	7
1999	569	2	2	5
1999	570	2	2	5
1999	572	1	2	10
1999	572	1	2	10
1999	576	1	2	8
1999	579	1	2	11
1999	580	1	2	9
1999	582	2	2	5
1999	585	1	2	9
1999	589	1	2	9
1999	591	2	1	7
1999	592	*	*	8
1999	596	2	2	8
1999	603	1	2	9
1999	611	2	2	6
1999	612	1	2	9
1999	613	2	2	6
1999	619	1	2	11
1999	654	2	2	7
1999	654	2	2	7
1999	663	2	2	8
1999	674	2	2	10
1999	679	2	2	10
2000	311	2	1	1
2000	330	2	1	1
2000	335	2	1	1
2000	335	2	1	1
2000	336	1	1	1
2000	339	2	1	1
2000	342	2	1	2
2000	343	1	1	1
2000	394	2	1	2
2000	402	1	1	2
2000	408	1	2	2
2000	408	1	2	5
2000	410	1	1	2
2000	410	1	2	2
2000	415	1	2	2
2000	415	1	2	2
2000	415	2	1	2
2000	416	1	2	2
2000	419	2	1	2
2000	420	1	2	2
2000	421	1	2	2
2000	423	1	2	2
2000	423	2	1	2
2000	424	1	1	2
2000	424	1	2	2
2000	424	1	2	2
2000	424	1	2	2
2000	425	2	1	2
2000	427	2	1	2
2000	427	2	1	2
2000	428	2	1	2
2000	429	2	1	2
2000	432	1	2	2
2000	432	2	1	2
2000	434	1	2	3
2000	435	1	2	2
2000	437	1	2	2
2000	439	2	1	2
2000	439	2	2	2
2000	441	1	2	2
2000	442	1	2	2
2000	443	2	1	2
2000	445	2	1	2
2000	447	2	1	2
2000	447	2	1	2
2000	448	2	1	2
2000	449	1	2	2
2000	449	1	2	2
2000	450	2	1	2
2000	451	2	1	2
2000	452	1	2	2
2000	452	2	1	2
2000	453	1	2	9
2000	455	2	1	2
2000	456	2	1	2
2000	459	1	2	3
2000	459	1	2	3
2000	459	2	1	2
2000	461	2	1	2
2000	461	2	1	2
2000	461	2	1	2
2000	463	2	1	2
2000	464	2	1	2
2000	466	1	2	3
2000	470	1	2	3
2000	470	2	1	2
2000	475	2	1	2
2000	476	2	1	2
2000	482	1	1	3
2000	485	1	2	2
2000	488	1	2	3
2000	489	1	2	3
2000	495	1	2	5
2000	495	2	2	3
2000	498	2	1	3
2000	505	2	2	3
2000	505	2	2	3
2000	507	1	2	5
2000	508	1	2	4
2000	509	1	2	3
2000	517	1	2	5
2000	517	2	2	3
2000	518	1	2	5
2000	519	1	2	8
2000	521	2	2	3
2000	522	1	2	8
2000	527	2	2	3
2000	531	2	2	3
2000	533	1	2	5
2000	536	2	2	3
2000	538	2	1	8
2000	544	1	2	8
2000	546	*	*	7
2000	547	1	2	8
2000	552	2	2	6
2000	554	2	1	3
2000	555	2	2	5
2000	555	*	*	8
2000	557	1	2	8
2000	558	1	2	7
2000	560	1	2	7
2000	566	2	2	5
2000	580	1	2	6
2000	581	1	2	9
2000	585	1	2	7
2000	586	*	*	6
2000	589	1	2	8
2000	590	1	2	8
2000	593	*	*	8
2000	595	1	2	9
2000	596	1	2	9
2000	600	2	2	6
2000	602	1	2	8
2000	605	1	2	10
2000	618	1	2	10
2000	638	2	2	8
2000	650	2	2	8
2000	654	1	2	9
2000	695	2	2	8
2001	186	*	1	0
2001	190	*	*	0
2001	194	*	*	0
2001	195	*	1	0
2001	195	*	*	0
2001	195	*	*	0
2001	196	*	*	0
2001	198	*	1	0
2001	200	*	1	0
2001	202	*	*	0
2001	203	2	1	0
2001	205	*	*	0
2001	210	*	1	0
2001	210	*	*	0
2001	225	*	*	0
2001	332	1	1	1
2001	332	2	1	1
2001	336	*	*	1
2001	342	1	1	1
2001	345	1	1	1
2001	346	2	1	1
2001	348	2	1	1
2001	350	1	1	1
2001	350	1	1	1
2001	350	2	1	1
2001	350	2	1	1
2001	352	2	1	1
2001	352	2	1	1
2001	353	2	1	1
2001	355	2	1	1
2001	364	2	1	1
2001	367	2	1	1
2001	372	2	1	1
2001	405	1	1	2
2001	407	1	2	2
2001	412	2	2	2
2001	415	1	1	2
2001	415	1	1	2
2001	416	1	2	2
2001	417	1	2	2
2001	419	1	2	2
2001	425	2	1	2
2001	430	1	2	3
2001	430	2	1	2
2001	434	1	2	3
2001	435	2	1	2
2001	438	1	2	2
2001	440	1	2	3
2001	440	2	1	2
2001	442	2	1	2
2001	443	1	2	2
2001	443	2	1	2
2001	448	2	1	2
2001	460	1	1	3
2001	466	1	2	3
2001	470	1	2	3
2001	476	1	1	3
2001	477	1	2	3
2001	477	2	2	3
2001	480	1	2	3
2001	481	1	2	3
2001	482	2	2	3
2001	483	1	2	3
2001	483	1	2	3
2001	484	1	2	3
2001	486	1	2	3
2001	487	1	2	3
2001	487	2	2	3
2001	494	1	2	6
2001	494	2	1	3
2001	495	1	2	4
2001	495	2	2	3
2001	498	2	2	3
2001	500	2	2	3
2001	501	2	1	3
2001	503	2	2	3
2001	505	1	2	4
2001	505	2	1	3
2001	507	2	2	3
2001	510	2	1	3
2001	510	2	2	3
2001	510	2	2	3
2001	512	1	2	4
2001	512	2	1	3
2001	512	2	2	3
2001	517	2	1	3
2001	519	2	1	3
2001	520	1	2	3
2001	520	1	2	5
2001	520	2	1	3
2001	520	2	2	3
2001	520	2	2	3
2001	521	2	2	3
2001	522	1	2	9
2001	524	2	2	3
2001	528	1	2	5
2001	530	1	2	8
2001	530	2	1	3
2001	530	2	2	3
2001	532	1	2	7
2001	532	1	2	8
2001	532	2	2	4
2001	534	2	2	3
2001	535	2	1	3
2001	537	1	2	6
2001	538	1	2	8
2001	540	2	1	4
2001	544	1	2	6
2001	544	1	2	6
2001	546	1	2	6
2001	548	1	2	9
2001	550	1	2	6
2001	560	1	2	7
2001	560	1	2	8
2001	562	2	2	4
2001	570	1	2	8
2001	574	1	2	9
2001	575	1	2	7
2001	575	*	*	*
2001	580	1	2	8
2001	592	1	2	9
2001	593	1	2	9
2001	600	1	2	9
2001	602	2	2	6
2001	603	1	2	10
2001	603	2	2	6
2001	620	1	2	9
2001	670	2	2	7
2001	680	2	2	5
2001	699	2	2	10
2001	711	2	2	11
2001	750	2	2	11
2002	187	*	1	0
2002	189	1	1	0
2002	190	1	1	0
2002	208	1	1	0
2002	211	1	1	0
2002	231	1	1	0
2002	243	1	1	1
2002	269	2	2	4
2002	311	1	1	1
2002	311	1	1	1
2002	325	1	1	1
2002	327	1	1	1
2002	329	2	2	1
2002	333	2	1	1
2002	335	1	1	1
2002	336	1	1	1
2002	339	1	2	1
2002	341	2	1	1
2002	342	1	1	1
2002	342	1	1	1
2002	343	1	1	1
2002	344	1	1	1
2002	345	1	1	1
2002	345	1	1	1
2002	345	1	2	1
2002	346	1	1	1
2002	346	1	1	1
2002	346	*	*	1
2002	348	1	1	1
2002	348	1	1	1
2002	348	1	1	1
2002	348	2	1	1
2002	349	1	1	1
2002	350	1	1	1
2002	350	2	1	1
2002	351	1	1	1
2002	351	1	1	1
2002	351	1	1	1
2002	351	1	1	1
2002	351	1	2	1
2002	352	1	1	1
2002	352	2	1	1
2002	353	1	1	1
2002	353	*	*	1
2002	354	1	1	1
2002	354	1	1	1
2002	354	2	1	1
2002	357	1	1	1
2002	360	1	2	1
2002	360	2	1	1
2002	363	2	1	1
2002	364	2	1	1
2002	371	2	2	1
2002	410	1	2	2
2002	418	2	2	2
2002	420	1	1	2
2002	422	1	2	2
2002	422	2	2	2
2002	425	1	1	2
2002	426	1	1	2
2002	426	1	2	3
2002	427	2	2	2
2002	428	1	2	2
2002	430	1	2	2
2002	430	2	2	2
2002	432	1	2	2
2002	436	1	2	2
2002	440	1	2	2
2002	444	2	1	2
2002	447	1	2	4
2002	454	1	2	2
2002	460	2	1	2
2002	460	2	2	3
2002	474	1	2	4
2002	482	1	2	3
2002	482	1	2	4
2002	490	1	2	2
2002	490	1	2	3
2002	491	1	2	4
2002	491	2	2	4
2002	492	2	2	4
2002	493	1	2	4
2002	494	1	2	3
2002	494	1	2	4
2002	495	2	2	3
2002	496	2	2	4
2002	497	2	2	4
2002	502	1	2	3
2002	503	1	2	3
2002	504	1	2	4
2002	509	1	2	4
2002	509	2	2	3
2002	512	1	2	4
2002	514	1	2	3
2002	515	2	2	3
2002	522	2	2	4
2002	525	1	2	4
2002	528	2	2	4
2002	531	1	2	7
2002	535	1	2	5
2002	535	1	2	6
2002	541	2	2	4
2002	542	2	2	5
2002	545	2	2	4
2002	546	2	2	9
2002	547	1	2	5
2002	550	2	2	4
2002	556	1	2	5
2002	558	1	2	6
2002	564	2	2	4
2002	564	2	2	8
2002	570	2	2	6
2002	571	1	1	10
2002	573	2	2	5
2002	575	1	2	5
2002	580	1	2	6
2002	584	2	2	4
2002	585	1	2	7
2002	585	2	2	8
2002	590	2	2	4
2002	593	2	2	11
2002	601	2	2	9
2002	602	2	2	9
2002	608	1	2	8
2002	616	1	2	11
2002	639	2	2	5
2002	640	2	2	7
2002	654	2	2	9
2002	699	2	2	6
2003	132	*	*	0
2003	138	*	*	0
2003	144	*	*	0
2003	145	*	*	0
2003	147	*	*	0
2003	149	*	*	0
2003	152	*	*	0
2003	154	1	1	0
2003	156	*	*	0
2003	156	*	*	0
2003	157	*	*	0
2003	158	*	*	0
2003	160	*	*	0
2003	161	*	*	0
2003	167	1	1	0
2003	167	*	*	0
2003	168	*	*	0
2003	171	*	*	0
2003	172	1	1	0
2003	172	1	1	0
2003	174	1	1	0
2003	174	1	1	0
2003	176	1	1	0
2003	177	1	1	0
2003	178	1	1	0
2003	178	2	1	0
2003	179	1	1	0
2003	179	1	1	0
2003	181	1	1	0
2003	181	*	*	0
2003	182	1	1	0
2003	182	1	1	0
2003	183	1	1	0
2003	183	1	1	0
2003	183	1	1	0
2003	183	*	*	0
2003	184	1	1	0
2003	185	1	1	0
2003	185	2	1	0
2003	186	1	1	0
2003	186	1	1	0
2003	187	1	1	0
2003	187	1	1	0
2003	187	1	1	0
2003	188	1	1	0
2003	188	1	1	0
2003	188	1	1	0
2003	189	1	1	2
2003	189	*	*	0
2003	190	1	1	0
2003	190	1	1	0
2003	190	1	1	0
2003	190	1	1	0
2003	193	2	1	0
2003	194	1	1	0
2003	195	1	1	0
2003	195	1	1	0
2003	195	1	1	0
2003	195	2	1	0
2003	195	2	1	0
2003	196	1	1	0
2003	196	1	1	0
2003	196	1	1	0
2003	196	1	1	0
2003	196	2	1	0
2003	197	1	1	0
2003	198	1	1	0
2003	199	1	1	0
2003	199	1	1	0
2003	200	2	1	0
2003	201	1	1	0
2003	201	1	1	0
2003	203	1	1	0
2003	205	1	1	0
2003	206	1	1	0
2003	208	1	1	0
2003	209	1	1	0
2003	210	1	1	0
2003	211	1	1	0
2003	220	1	1	0
2003	220	1	1	0
2003	222	1	1	0
2003	223	1	1	0
2003	225	1	1	0
2003	229	2	1	0
2003	230	1	1	0
2003	230	2	1	0
2003	232	1	1	0
2003	233	1	1	0
2003	235	1	1	0
2003	235	1	1	0
2003	235	2	1	0
2003	240	1	1	0
2003	240	1	1	0
2003	240	2	1	0
2003	241	1	1	0
2003	242	2	1	0
2003	245	1	1	0
2003	245	1	1	0
2003	245	2	1	0
2003	285	1	1	1
2003	292	1	1	1
2003	300	1	1	1
2003	310	1	1	1
2003	313	1	1	1
2003	318	1	1	1
2003	319	1	1	1
2003	320	1	1	1
2003	321	1	1	1
2003	322	1	1	1
2003	324	1	1	1
2003	325	1	1	1
2003	325	1	1	1
2003	327	2	1	1
2003	327	2	1	1
2003	329	1	1	1
2003	330	1	1	1
2003	330	2	1	1
2003	330	2	1	1
2003	331	1	1	1
2003	333	2	1	1
2003	334	2	1	1
2003	335	2	1	1
2003	336	1	1	1
2003	336	1	1	1
2003	337	1	1	1
2003	337	1	1	1
2003	339	1	1	1
2003	342	1	1	1
2003	342	1	1	1
2003	343	1	1	1
2003	344	1	1	1
2003	344	1	1	1
2003	344	2	1	1
2003	345	2	1	1
2003	346	1	1	1
2003	346	1	1	1
2003	346	1	1	1
2003	346	1	1	1
2003	346	1	1	1
2003	346	1	1	1
2003	346	1	1	1
2003	346	2	1	1
2003	346	2	1	1
2003	347	2	1	1
2003	348	1	1	1
2003	348	1	1	2
2003	348	1	2	1
2003	348	2	1	1
2003	349	1	1	1
2003	349	1	1	1
2003	350	1	1	1
2003	350	1	1	1
2003	350	1	1	1
2003	350	2	1	1
2003	350	2	1	1
2003	350	2	1	1
2003	351	2	1	1
2003	351	2	1	1
2003	352	1	1	1
2003	353	1	1	1
2003	353	1	1	1
2003	354	1	1	1
2003	354	2	1	1
2003	355	1	1	1
2003	355	1	1	1
2003	355	2	1	1
2003	356	1	1	1
2003	356	1	1	1
2003	356	1	1	1
2003	356	1	1	1
2003	356	2	1	1
2003	357	1	1	1
2003	357	2	1	1
2003	358	1	1	1
2003	358	2	1	1
2003	358	2	1	1
2003	358	2	1	1
2003	359	1	1	1
2003	359	1	1	1
2003	360	1	1	1
2003	360	2	1	1
2003	360	2	1	1
2003	362	1	1	1
2003	363	1	1	1
2003	363	2	1	1
2003	364	1	1	1
2003	365	1	1	1
2003	365	2	1	1
2003	366	1	1	1
2003	366	2	1	1
2003	367	1	1	1
2003	369	1	1	1
2003	369	1	1	1
2003	369	1	1	1
2003	370	1	1	1
2003	370	1	1	1
2003	370	1	1	1
2003	370	2	1	1
2003	371	1	1	1
2003	373	1	1	1
2003	374	1	1	1
2003	374	1	1	1
2003	374	2	1	1
2003	375	1	1	1
2003	375	1	1	1
2003	375	2	1	1
2003	377	2	1	1
2003	380	2	1	1
2003	380	2	1	1
2003	384	1	2	2
2003	399	1	1	2
2003	401	1	1	2
2003	401	1	2	2
2003	405	1	2	2
2003	408	1	2	2
2003	408	1	2	2
2003	410	1	1	2
2003	412	1	2	2
2003	412	1	2	3
2003	413	1	2	2
2003	414	2	1	2
2003	418	1	2	2
2003	420	1	2	2
2003	421	1	1	2
2003	421	1	2	2
2003	421	1	2	2
2003	422	1	2	2
2003	423	1	1	2
2003	423	1	1	2
2003	423	1	2	2
2003	424	1	2	2
2003	425	1	2	2
2003	425	1	2	2
2003	426	1	2	2
2003	426	1	2	2
2003	427	1	2	2
2003	427	1	2	2
2003	432	1	2	2
2003	433	1	2	2
2003	433	2	1	2
2003	434	1	2	2
2003	435	1	1	2
2003	435	2	1	2
2003	436	1	2	2
2003	436	1	2	2
2003	437	1	1	2
2003	440	1	2	2
2003	440	1	2	2
2003	442	2	1	2
2003	444	1	2	2
2003	445	2	2	2
2003	446	1	2	2
2003	446	2	1	2
2003	448	1	1	2
2003	448	1	1	2
2003	448	1	1	2
2003	448	1	2	2
2003	448	2	1	2
2003	449	2	2	2
2003	450	2	2	2
2003	451	1	2	2
2003	451	2	1	2
2003	453	1	1	2
2003	453	2	1	2
2003	453	2	2	2
2003	454	1	2	2
2003	454	2	1	2
2003	455	1	2	2
2003	457	2	1	2
2003	457	2	1	2
2003	459	1	2	2
2003	461	2	1	2
2003	462	1	2	2
2003	464	1	2	2
2003	464	1	2	3
2003	464	2	1	2
2003	466	1	2	3
2003	466	2	1	2
2003	468	2	1	2
2003	470	1	2	2
2003	470	1	2	3
2003	471	1	2	3
2003	475	2	2	5
2003	478	1	2	4
2003	479	1	2	4
2003	479	1	2	4
2003	480	1	1	3
2003	480	1	2	3
2003	482	1	2	3
2003	482	1	2	6
2003	483	1	2	3
2003	483	2	2	3
2003	486	2	2	3
2003	487	1	2	4
2003	489	1	2	4
2003	489	1	2	4
2003	490	1	2	4
2003	491	1	2	4
2003	491	1	2	4
2003	491	1	2	5
2003	496	1	2	3
2003	496	1	2	4
2003	498	2	2	3
2003	499	1	2	4
2003	500	1	2	4
2003	500	1	2	6
2003	504	1	2	3
2003	504	1	2	4
2003	510	1	1	5
2003	510	1	2	4
2003	510	1	2	5
2003	511	1	2	4
2003	511	1	2	5
2003	513	1	2	2
2003	513	1	2	4
2003	514	1	2	5
2003	516	1	2	4
2003	516	2	2	3
2003	516	2	2	3
2003	519	1	2	3
2003	519	1	2	5
2003	521	1	2	6
2003	522	1	2	6
2003	523	1	2	4
2003	523	1	2	5
2003	524	1	2	7
2003	525	2	2	3
2003	525	2	2	4
2003	526	1	2	5
2003	526	1	2	5
2003	526	1	2	5
2003	526	2	2	4
2003	528	1	2	7
2003	529	1	2	6
2003	531	1	2	5
2003	531	1	2	7
2003	532	1	2	4
2003	534	1	2	4
2003	534	1	2	5
2003	536	1	2	5
2003	538	1	2	2
2003	540	1	2	7
2003	542	1	2	5
2003	542	1	2	6
2003	542	1	2	8
2003	546	1	2	7
2003	548	1	2	5
2003	553	1	2	5
2003	553	1	2	6
2003	553	1	2	6
2003	553	1	2	7
2003	553	2	2	3
2003	554	1	2	8
2003	556	2	2	4
2003	558	1	2	5
2003	558	1	2	6
2003	558	1	2	6
2003	560	1	2	5
2003	560	1	2	6
2003	562	1	2	7
2003	563	2	2	4
2003	563	2	2	5
2003	564	1	2	5
2003	566	1	2	3
2003	566	1	2	5
2003	566	1	2	6
2003	567	2	2	4
2003	569	1	2	6
2003	569	1	2	6
2003	569	1	2	7
2003	569	1	2	9
2003	569	2	2	7
2003	570	1	2	6
2003	570	1	2	8
2003	570	2	2	5
2003	570	2	2	5
2003	571	1	2	6
2003	571	1	2	7
2003	571	2	2	5
2003	572	1	2	7
2003	572	2	2	4
2003	577	2	2	6
2003	580	1	2	8
2003	582	2	2	5
2003	582	2	2	5
2003	582	2	2	5
2003	583	2	2	6
2003	585	2	2	6
2003	586	2	2	5
2003	586	2	2	5
2003	586	2	2	5
2003	587	1	2	5
2003	590	2	2	5
2003	592	2	2	4
2003	596	2	2	8
2003	607	2	2	6
2003	625	2	2	8
2003	643	1	2	7
2003	654	2	2	8
2003	672	2	2	8
2004	137	1	1	0
2004	174	2	1	0
2004	184	2	1	0
2004	189	1	1	0
2004	235	1	1	1
2004	253	2	1	1
2004	257	2	1	1
2004	259	2	1	1
2004	266	1	1	1
2004	266	1	1	1
2004	266	1	1	1
2004	267	1	1	1
2004	267	1	1	1
2004	269	2	1	1
2004	271	2	1	1
2004	271	2	1	1
2004	271	2	1	1
2004	272	1	1	1
2004	272	2	1	1
2004	272	2	1	1
2004	273	1	1	1
2004	273	2	1	1
2004	275	2	1	1
2004	275	2	1	1
2004	277	1	1	1
2004	277	1	1	1
2004	277	2	1	1
2004	277	2	1	1
2004	278	2	1	1
2004	278	2	1	1
2004	279	1	1	1
2004	279	2	1	1
2004	280	1	1	1
2004	280	1	1	1
2004	280	1	1	1
2004	280	1	1	1
2004	280	2	1	1
2004	281	1	1	1
2004	281	2	1	1
2004	282	1	1	1
2004	282	2	1	1
2004	285	1	1	1
2004	286	1	1	1
2004	286	2	1	1
2004	286	2	1	1
2004	287	2	1	1
2004	287	2	1	1
2004	287	2	1	1
2004	288	1	1	1
2004	288	2	1	1
2004	289	1	1	1
2004	289	1	1	1
2004	290	1	1	1
2004	290	1	2	1
2004	290	2	1	1
2004	291	1	1	1
2004	291	1	1	1
2004	291	2	1	1
2004	292	1	1	1
2004	292	1	1	1
2004	292	2	1	1
2004	292	2	1	1
2004	293	1	1	1
2004	293	2	1	1
2004	293	2	1	1
2004	295	1	1	1
2004	295	2	1	1
2004	297	1	1	1
2004	297	2	1	1
2004	297	2	1	1
2004	298	2	1	1
2004	298	2	1	1
2004	299	1	1	1
2004	299	2	1	1
2004	299	2	1	1
2004	302	1	1	1
2004	302	1	1	1
2004	302	1	1	1
2004	302	2	1	1
2004	302	2	1	1
2004	302	2	1	1
2004	303	1	1	1
2004	303	2	1	1
2004	304	2	1	1
2004	304	2	2	1
2004	305	2	1	1
2004	305	2	1	1
2004	307	2	1	1
2004	308	2	1	1
2004	309	1	1	1
2004	309	1	2	1
2004	309	2	1	1
2004	310	1	1	1
2004	313	2	1	1
2004	315	1	1	1
2004	315	1	1	1
2004	315	2	1	1
2004	316	1	1	1
2004	317	1	1	1
2004	317	2	1	1
2004	320	2	1	1
2004	321	1	1	1
2004	321	2	1	1
2004	323	2	1	1
2004	324	2	1	1
2004	326	2	1	1
2004	327	1	1	1
2004	328	2	1	1
2004	329	2	1	1
2004	332	2	1	1
2004	333	2	1	1
2004	333	2	1	1
2004	334	2	1	1
2004	336	2	1	1
2004	342	1	2	1
2004	342	1	2	1
2004	352	1	2	1
2004	379	2	1	2
2004	383	1	2	2
2004	385	2	1	2
2004	390	1	1	2
2004	394	1	1	2
2004	397	1	1	2
2004	398	1	1	2
2004	400	2	1	2
2004	404	1	2	2
2004	407	1	2	2
2004	407	1	2	2
2004	408	2	1	2
2004	410	1	2	2
2004	410	1	2	2
2004	410	2	1	2
2004	411	1	2	2
2004	411	2	1	2
2004	412	1	2	2
2004	412	2	1	2
2004	412	2	2	2
2004	415	1	1	2
2004	415	1	2	5
2004	415	2	1	2
2004	416	1	2	2
2004	416	1	2	2
2004	416	2	1	2
2004	416	2	1	2
2004	416	2	2	2
2004	418	1	2	2
2004	419	2	1	2
2004	419	2	1	2
2004	420	1	1	2
2004	420	1	1	2
2004	420	1	2	2
2004	421	2	1	2
2004	421	2	1	2
2004	424	1	2	2
2004	425	1	2	2
2004	425	1	2	3
2004	425	2	1	2
2004	427	1	2	2
2004	429	1	2	2
2004	429	1	2	3
2004	429	2	1	2
2004	431	1	2	2
2004	432	1	2	2
2004	432	1	2	2
2004	437	2	1	2
2004	442	1	2	2
2004	443	2	1	2
2004	446	2	2	2
2004	452	1	2	2
2004	455	1	2	2
2004	457	1	2	2
2004	458	1	1	3
2004	459	2	2	3
2004	461	1	2	2
2004	462	1	2	3
2004	462	1	2	3
2004	468	1	2	1
2004	471	1	2	3
2004	479	1	2	3
2004	486	1	2	3
2004	487	1	2	4
2004	489	1	2	4
2004	494	1	2	4
2004	500	2	2	3
2004	500	2	2	3
2004	504	1	2	4
2004	504	2	2	3
2004	506	1	2	5
2004	506	1	2	6
2004	510	1	2	5
2004	512	1	2	4
2004	516	1	2	4
2004	516	1	2	4
2004	524	1	2	4
2004	531	1	2	6
2004	534	1	2	4
2004	539	2	2	6
2004	543	1	2	4
2004	552	2	2	4
2004	553	1	2	5
2004	561	1	2	6
2004	563	2	2	4
2004	565	2	2	5
2004	565	2	2	5
2004	566	1	2	5
2004	573	1	2	8
2004	575	1	2	7
2004	575	1	2	11
2004	582	1	2	5
2004	585	1	2	9
2004	586	1	2	6
2004	589	2	2	5
2004	593	2	2	6
2004	599	2	2	5
2004	664	2	2	11
2004	762	2	2	10
2005	170	1	1	0
2005	221	1	1	1
2005	227	1	1	1
2005	245	1	1	1
2005	245	1	1	1
2005	246	1	1	1
2005	247	1	1	1
2005	248	1	1	1
2005	248	*	*	1
2005	250	1	1	1
2005	250	*	*	1
2005	251	1	1	1
2005	252	1	1	1
2005	252	1	1	1
2005	254	1	1	1
2005	255	2	1	1
2005	256	1	1	1
2005	256	1	1	1
2005	258	1	1	1
2005	258	1	1	1
2005	260	1	1	1
2005	262	1	1	1
2005	262	1	1	1
2005	263	1	1	1
2005	264	1	1	1
2005	264	1	1	1
2005	265	1	1	1
2005	265	2	1	1
2005	266	1	1	1
2005	269	1	1	1
2005	269	2	1	1
2005	270	1	1	1
2005	274	1	1	1
2005	275	1	1	1
2005	276	1	1	1
2005	276	1	1	1
2005	278	1	1	1
2005	280	1	1	1
2005	280	1	1	4
2005	283	1	1	1
2005	283	1	1	1
2005	286	1	1	1
2005	286	2	1	1
2005	291	1	1	1
2005	291	1	1	1
2005	293	1	1	1
2005	295	1	1	1
2005	296	1	1	1
2005	301	1	1	1
2005	307	1	1	1
2005	308	2	1	1
2005	310	2	1	1
2005	311	2	1	1
2005	315	1	1	1
2005	319	1	1	2
2005	321	1	1	1
2005	325	2	1	1
2005	326	2	1	1
2005	329	1	1	1
2005	329	1	1	1
2005	330	2	1	2
2005	335	1	1	2
2005	338	1	1	2
2005	340	*	*	2
2005	341	*	*	2
2005	346	1	1	2
2005	348	1	1	2
2005	351	1	1	2
2005	351	1	1	2
2005	351	2	1	2
2005	352	1	1	2
2005	353	1	1	2
2005	353	1	1	2
2005	354	1	1	2
2005	354	*	*	2
2005	355	1	1	2
2005	356	1	1	2
2005	359	1	1	2
2005	359	1	1	2
2005	359	1	1	2
2005	359	1	2	2
2005	359	*	*	2
2005	360	*	*	2
2005	363	1	1	2
2005	363	1	1	2
2005	364	1	1	2
2005	364	1	1	2
2005	364	*	*	2
2005	365	1	1	2
2005	365	2	1	2
2005	365	*	*	3
2005	366	1	1	2
2005	366	1	1	2
2005	366	1	2	2
2005	368	1	1	2
2005	369	1	1	2
2005	370	1	1	2
2005	370	1	1	2
2005	370	1	1	2
2005	370	1	1	2
2005	370	1	2	2
2005	370	1	2	2
2005	370	2	1	2
2005	370	2	1	2
2005	371	1	1	2
2005	371	1	2	2
2005	371	1	2	2
2005	371	1	2	2
2005	371	2	1	2
2005	371	2	1	2
2005	372	1	1	2
2005	372	2	1	2
2005	372	*	*	2
2005	372	*	*	2
2005	373	1	1	2
2005	373	1	2	2
2005	373	1	2	2
2005	373	2	1	2
2005	374	2	1	2
2005	374	2	1	2
2005	374	2	1	2
2005	374	2	1	3
2005	375	1	1	2
2005	375	1	1	2
2005	375	1	1	2
2005	375	2	1	2
2005	375	2	1	2
2005	376	1	1	2
2005	376	1	1	2
2005	377	1	1	2
2005	377	2	1	2
2005	378	1	1	2
2005	378	1	1	2
2005	379	1	1	2
2005	379	1	2	2
2005	379	1	2	2
2005	379	2	1	2
2005	379	2	1	*
2005	380	1	1	2
2005	380	1	1	2
2005	380	1	2	2
2005	380	2	1	2
2005	380	2	1	2
2005	380	2	1	2
2005	380	2	1	2
2005	381	1	1	2
2005	381	1	1	2
2005	381	1	1	2
2005	381	1	1	2
2005	381	1	1	2
2005	381	2	1	2
2005	381	2	1	2
2005	381	2	1	2
2005	381	2	2	2
2005	382	1	1	2
2005	382	1	1	2
2005	382	1	1	2
2005	382	*	*	2
2005	383	2	1	2
2005	384	1	1	2
2005	384	1	1	2
2005	384	1	2	2
2005	384	2	1	2
2005	384	2	1	3
2005	385	1	1	2
2005	385	1	1	4
2005	385	1	2	2
2005	385	1	2	2
2005	385	1	2	2
2005	386	1	1	2
2005	386	1	1	2
2005	386	1	1	2
2005	386	2	1	2
2005	386	2	1	2
2005	387	1	1	2
2005	387	1	1	2
2005	387	1	2	2
2005	387	1	2	2
2005	387	2	1	2
2005	388	1	2	2
2005	388	2	1	2
2005	388	*	*	2
2005	389	1	2	2
2005	389	*	*	2
2005	389	*	*	2
2005	389	*	*	2
2005	390	1	1	2
2005	390	1	1	2
2005	390	1	1	2
2005	390	1	1	2
2005	390	1	1	2
2005	390	2	1	2
2005	391	1	1	*
2005	391	2	1	2
2005	392	1	2	2
2005	392	1	2	2
2005	392	1	2	2
2005	392	2	2	3
2005	393	1	1	2
2005	393	2	1	2
2005	394	1	2	2
2005	394	1	2	2
2005	395	1	1	2
2005	395	1	1	2
2005	395	2	1	2
2005	395	2	1	2
2005	396	1	1	2
2005	396	1	1	2
2005	396	1	1	2
2005	396	1	1	2
2005	396	1	2	2
2005	396	2	1	2
2005	398	1	1	2
2005	398	1	2	2
2005	398	1	2	2
2005	398	2	1	2
2005	399	1	1	2
2005	399	1	1	2
2005	399	2	1	2
2005	400	1	1	2
2005	400	1	1	2
2005	400	1	2	2
2005	400	*	*	2
2005	401	1	2	2
2005	401	2	1	2
2005	401	2	1	2
2005	401	*	*	2
2005	402	1	2	2
2005	402	1	2	2
2005	403	2	1	2
2005	404	1	2	2
2005	404	1	2	2
2005	404	2	1	2
2005	404	2	1	2
2005	405	1	1	2
2005	405	2	1	2
2005	405	*	*	2
2005	407	1	2	2
2005	407	1	2	2
2005	409	1	2	2
2005	410	*	*	2
2005	411	1	2	2
2005	411	2	1	2
2005	412	1	2	2
2005	412	1	2	2
2005	412	*	*	3
2005	413	1	2	2
2005	413	2	1	2
2005	413	2	1	2
2005	414	1	2	2
2005	414	2	1	2
2005	415	2	1	2
2005	415	2	1	2
2005	415	*	*	3
2005	416	1	1	2
2005	417	1	2	2
2005	417	1	2	2
2005	418	1	1	2
2005	418	2	1	2
2005	420	2	1	2
2005	421	2	1	2
2005	422	1	2	2
2005	424	2	2	2
2005	429	1	2	2
2005	440	1	2	2
2005	441	1	2	3
2005	443	1	2	3
2005	443	*	*	3
2005	451	2	2	2
2005	455	1	2	3
2005	461	1	2	3
2005	464	*	*	3
2005	470	2	2	3
2005	475	2	2	3
2005	477	1	2	3
2005	483	2	2	3
2005	485	1	2	3
2005	487	2	2	3
2005	490	2	2	4
2005	491	1	2	6
2005	493	1	2	4
2005	498	1	2	3
2005	506	*	*	5
2005	509	2	2	4
2005	510	2	2	3
2005	516	2	2	3
2005	516	2	2	4
2005	516	*	*	4
2005	517	2	2	3
2005	528	1	2	7
2005	534	1	2	3
2005	535	2	2	4
2005	536	1	2	6
2005	537	2	2	3
2005	546	2	2	4
2005	546	*	*	6
2005	546	*	*	7
2005	551	*	*	8
2005	554	*	*	7
2005	557	1	2	6
2005	574	*	*	10
2005	597	2	2	8
2005	598	2	2	7
2005	605	2	2	6
2005	638	2	2	11
2005	639	2	2	7
2005	660	2	2	11
2006	184	2	1	0
2006	187	2	1	0
2006	210	2	1	1
2006	224	1	1	1
2006	227	2	1	1
2006	235	2	1	1
2006	244	1	1	1
2006	246	2	1	1
2006	249	1	1	1
2006	249	2	1	1
2006	249	2	1	1
2006	249	2	1	1
2006	252	1	1	1
2006	253	1	1	1
2006	255	1	1	1
2006	255	1	1	1
2006	256	2	1	1
2006	257	1	1	1
2006	258	1	1	1
2006	258	1	1	1
2006	258	2	1	1
2006	258	2	1	1
2006	258	2	1	1
2006	258	2	1	1
2006	259	2	1	1
2006	260	2	1	1
2006	262	1	1	1
2006	262	1	1	1
2006	262	1	1	1
2006	262	1	1	1
2006	262	1	1	1
2006	262	2	1	1
2006	262	2	1	1
2006	264	1	1	1
2006	265	2	1	1
2006	265	2	1	1
2006	266	2	1	1
2006	266	2	1	1
2006	266	2	1	1
2006	267	1	1	1
2006	267	2	1	1
2006	268	1	1	1
2006	269	1	1	1
2006	269	2	1	1
2006	270	1	1	1
2006	270	1	1	1
2006	270	2	1	1
2006	270	2	1	1
2006	270	2	1	1
2006	270	2	1	1
2006	271	2	1	1
2006	271	2	1	1
2006	272	1	1	1
2006	272	1	1	1
2006	272	2	1	1
2006	273	1	1	1
2006	273	1	1	1
2006	273	1	1	1
2006	274	2	1	1
2006	274	2	1	1
2006	274	2	1	1
2006	274	2	1	1
2006	274	2	1	1
2006	274	2	1	1
2006	274	2	1	1
2006	274	2	2	1
2006	275	2	1	1
2006	275	2	1	1
2006	276	2	1	1
2006	276	2	1	1
2006	276	2	1	1
2006	276	2	1	1
2006	276	2	1	1
2006	276	2	2	1
2006	276	2	2	1
2006	277	1	1	1
2006	277	1	1	1
2006	277	1	1	1
2006	277	1	2	1
2006	277	2	1	1
2006	277	2	1	1
2006	277	2	1	1
2006	277	2	1	1
2006	277	2	1	1
2006	278	1	1	1
2006	278	1	1	1
2006	278	2	1	1
2006	278	2	1	1
2006	278	2	1	1
2006	278	2	2	1
2006	279	2	1	1
2006	279	2	1	1
2006	279	2	1	1
2006	280	1	2	1
2006	280	2	1	1
2006	280	2	1	1
2006	280	2	1	1
2006	280	2	1	1
2006	280	2	1	1
2006	280	2	1	1
2006	281	1	1	1
2006	281	1	2	1
2006	282	2	1	1
2006	282	2	1	1
2006	282	2	1	1
2006	282	2	1	1
2006	282	2	1	1
2006	282	2	1	1
2006	282	2	1	1
2006	283	1	1	1
2006	283	2	1	1
2006	283	2	1	1
2006	284	1	1	1
2006	284	1	1	1
2006	284	2	1	1
2006	284	2	1	1
2006	284	2	1	1
2006	284	2	1	1
2006	284	2	1	1
2006	285	1	1	1
2006	285	2	1	1
2006	285	2	1	1
2006	285	2	1	1
2006	285	2	1	1
2006	285	2	1	1
2006	285	2	1	1
2006	286	1	1	1
2006	286	2	1	1
2006	286	2	1	1
2006	286	2	1	1
2006	286	2	2	1
2006	287	1	1	1
2006	288	1	1	1
2006	288	2	1	1
2006	288	2	1	1
2006	288	2	1	1
2006	289	1	1	1
2006	289	2	1	1
2006	289	2	2	1
2006	289	2	2	1
2006	290	1	1	1
2006	290	1	1	1
2006	290	2	1	1
2006	290	2	1	1
2006	290	2	2	1
2006	291	2	1	1
2006	292	1	1	1
2006	292	2	1	1
2006	292	2	1	1
2006	293	1	1	1
2006	293	2	1	1
2006	294	1	1	1
2006	294	1	1	1
2006	294	2	1	1
2006	294	2	1	1
2006	294	2	1	1
2006	295	2	1	1
2006	295	2	1	1
2006	295	2	1	1
2006	295	2	1	1
2006	295	2	1	1
2006	296	1	1	1
2006	297	2	1	1
2006	298	2	1	1
2006	298	2	1	1
2006	299	2	1	1
2006	299	2	1	1
2006	299	2	1	1
2006	300	1	1	1
2006	300	1	1	1
2006	300	2	1	1
2006	300	2	1	1
2006	301	2	1	1
2006	303	2	1	1
2006	303	2	1	1
2006	303	2	1	2
2006	303	2	2	1
2006	304	2	1	1
2006	304	2	1	1
2006	304	2	2	1
2006	305	1	2	1
2006	306	2	1	1
2006	307	1	2	1
2006	309	1	2	2
2006	309	2	1	1
2006	310	2	1	1
2006	310	2	2	1
2006	311	2	2	2
2006	312	2	1	1
2006	312	2	2	1
2006	313	1	1	1
2006	315	1	1	1
2006	315	1	2	1
2006	315	2	1	1
2006	316	2	2	2
2006	317	2	1	2
2006	318	2	2	1
2006	320	2	1	1
2006	320	2	1	1
2006	320	2	1	1
2006	322	2	1	1
2006	324	1	1	1
2006	324	2	1	2
2006	325	2	2	2
2006	326	2	2	2
2006	327	1	2	2
2006	329	2	1	1
2006	330	2	2	2
2006	330	2	2	2
2006	332	2	1	2
2006	332	2	1	2
2006	332	2	1	3
2006	333	2	1	2
2006	334	1	1	2
2006	335	2	2	2
2006	336	1	2	2
2006	339	2	1	2
2006	340	2	1	2
2006	342	1	2	2
2006	343	2	2	2
2006	344	1	2	2
2006	344	2	2	2
2006	344	2	2	2
2006	345	1	1	2
2006	345	1	2	2
2006	345	2	1	2
2006	345	2	2	2
2006	345	2	2	2
2006	345	2	2	2
2006	346	2	2	2
2006	349	2	2	2
2006	349	2	2	2
2006	349	2	2	2
2006	350	1	2	2
2006	350	1	2	2
2006	350	1	2	2
2006	350	2	1	2
2006	350	2	1	2
2006	350	2	2	2
2006	350	2	2	2
2006	350	2	2	2
2006	352	1	2	2
2006	353	1	2	2
2006	353	2	2	2
2006	354	1	2	2
2006	354	2	1	2
2006	354	2	2	2
2006	355	1	2	2
2006	355	2	1	2
2006	355	2	1	2
2006	355	2	2	2
2006	355	2	2	2
2006	355	2	2	2
2006	357	1	2	2
2006	357	1	2	2
2006	357	2	1	2
2006	357	2	1	2
2006	357	2	1	2
2006	357	2	2	2
2006	357	2	2	2
2006	357	2	2	2
2006	358	1	1	2
2006	358	2	2	2
2006	358	2	2	2
2006	359	2	2	2
2006	360	1	1	2
2006	360	1	2	2
2006	360	1	2	2
2006	360	1	2	2
2006	360	1	2	3
2006	360	2	1	2
2006	360	2	2	2
2006	360	2	2	2
2006	360	2	2	2
2006	361	2	2	2
2006	362	1	2	2
2006	362	1	2	2
2006	362	2	1	3
2006	362	2	2	2
2006	363	1	2	2
2006	363	2	1	2
2006	364	1	2	2
2006	364	1	2	2
2006	364	2	1	2
2006	364	2	1	2
2006	364	2	2	2
2006	364	2	2	2
2006	364	2	2	2
2006	364	2	2	2
2006	364	2	2	2
2006	364	2	2	3
2006	365	1	2	2
2006	365	2	1	2
2006	365	2	1	2
2006	365	2	1	3
2006	365	2	2	2
2006	366	2	1	2
2006	366	2	2	2
2006	367	2	1	2
2006	367	2	2	2
2006	367	2	2	2
2006	367	2	2	2
2006	367	2	2	2
2006	367	2	2	2
2006	367	2	2	2
2006	368	1	2	2
2006	368	1	2	2
2006	369	2	1	2
2006	369	2	2	2
2006	369	2	2	2
2006	369	2	2	2
2006	370	1	2	2
2006	370	2	1	2
2006	370	2	2	2
2006	370	2	2	2
2006	370	2	2	2
2006	370	2	2	2
2006	372	1	2	2
2006	372	1	2	2
2006	372	1	2	2
2006	372	2	2	2
2006	372	2	2	2
2006	372	2	2	2
2006	373	1	2	2
2006	374	2	2	2
2006	374	2	2	2
2006	375	1	2	2
2006	375	2	1	2
2006	375	2	2	2
2006	375	2	2	2
2006	376	1	2	2
2006	376	2	2	2
2006	377	1	2	2
2006	377	1	2	2
2006	377	2	2	2
2006	378	1	2	2
2006	378	2	2	2
2006	378	2	2	2
2006	378	2	2	2
2006	379	1	2	2
2006	379	2	2	2
2006	379	2	2	2
2006	380	1	2	2
2006	380	1	2	2
2006	380	1	2	3
2006	380	2	2	2
2006	380	2	2	2
2006	380	2	2	2
2006	382	1	2	2
2006	382	2	2	2
2006	382	2	2	2
2006	382	2	2	2
2006	383	1	2	2
2006	383	1	2	2
2006	383	1	2	2
2006	383	2	2	2
2006	384	2	1	2
2006	384	2	2	2
2006	384	2	2	2
2006	384	2	2	2
2006	384	2	2	2
2006	384	2	2	2
2006	384	2	2	2
2006	385	1	2	2
2006	385	1	2	2
2006	385	1	2	2
2006	385	2	2	2
2006	385	2	2	2
2006	385	2	2	2
2006	385	2	2	2
2006	386	1	2	2
2006	386	2	2	2
2006	387	2	2	2
2006	387	2	2	2
2006	388	1	2	3
2006	388	1	2	3
2006	389	1	1	2
2006	389	2	2	2
2006	389	2	2	2
2006	389	2	2	2
2006	389	2	2	2
2006	390	1	2	2
2006	390	2	1	2
2006	390	2	2	2
2006	390	2	2	2
2006	390	2	2	2
2006	390	2	2	2
2006	390	2	2	2
2006	390	2	2	2
2006	390	2	2	2
2006	390	2	2	2
2006	391	2	2	2
2006	392	1	2	2
2006	392	1	2	3
2006	393	2	2	2
2006	394	1	2	2
2006	394	1	2	2
2006	394	1	2	2
2006	394	1	2	3
2006	394	2	2	2
2006	395	1	2	2
2006	395	1	2	3
2006	395	1	2	3
2006	395	1	2	3
2006	395	1	2	3
2006	395	2	2	2
2006	395	2	2	2
2006	396	1	2	4
2006	397	2	2	2
2006	397	2	2	2
2006	397	2	2	2
2006	397	2	2	2
2006	397	2	2	2
2006	398	1	2	3
2006	398	2	2	2
2006	399	1	2	3
2006	399	2	2	2
2006	400	2	2	2
2006	400	2	2	2
2006	401	2	2	2
2006	404	1	2	3
2006	404	1	2	3
2006	404	2	2	2
2006	405	1	2	2
2006	405	1	2	3
2006	405	2	2	2
2006	405	2	2	2
2006	405	2	2	3
2006	406	1	2	2
2006	406	1	2	3
2006	406	1	2	3
2006	407	1	2	3
2006	407	2	2	2
2006	407	2	2	2
2006	408	2	2	3
2006	409	2	2	2
2006	409	2	2	3
2006	410	1	2	2
2006	410	1	2	3
2006	410	1	2	3
2006	410	1	2	3
2006	410	1	2	3
2006	410	2	2	2
2006	410	2	2	2
2006	410	2	2	2
2006	410	2	2	2
2006	410	2	2	3
2006	411	2	2	2
2006	412	2	2	2
2006	412	2	2	2
2006	412	2	2	2
2006	412	2	2	3
2006	413	2	2	2
2006	414	1	2	2
2006	414	1	2	3
2006	415	1	2	3
2006	415	2	2	2
2006	416	1	2	3
2006	417	1	2	2
2006	417	2	2	2
2006	418	2	2	3
2006	419	2	2	2
2006	419	2	2	2
2006	420	1	2	2
2006	420	1	2	3
2006	420	1	2	3
2006	422	2	2	3
2006	424	1	1	3
2006	424	1	2	3
2006	424	1	2	3
2006	424	2	2	2
2006	425	1	2	3
2006	425	2	2	2
2006	425	2	2	3
2006	426	1	2	3
2006	426	2	2	3
2006	427	1	2	3
2006	427	1	2	3
2006	427	2	1	3
2006	428	1	2	3
2006	429	1	2	2
2006	429	2	2	3
2006	429	2	2	3
2006	430	1	2	3
2006	430	1	2	3
2006	430	1	2	3
2006	430	2	2	3
2006	430	2	2	3
2006	431	1	2	3
2006	431	1	2	3
2006	433	1	2	4
2006	434	1	2	3
2006	434	1	2	3
2006	434	2	2	3
2006	435	1	2	3
2006	435	2	2	3
2006	435	2	2	3
2006	437	1	2	3
2006	437	2	2	3
2006	440	1	2	3
2006	440	2	2	3
2006	440	2	2	3
2006	440	2	2	3
2006	440	2	2	4
2006	442	2	2	3
2006	442	2	2	3
2006	442	2	2	3
2006	443	1	2	3
2006	443	2	2	3
2006	443	2	2	3
2006	444	1	2	3
2006	444	1	2	3
2006	444	1	2	3
2006	444	2	2	3
2006	444	2	2	3
2006	444	2	2	3
2006	445	1	2	3
2006	445	2	2	3
2006	445	2	2	4
2006	446	2	2	3
2006	446	2	2	4
2006	449	1	2	3
2006	449	2	2	2
2006	449	2	2	3
2006	450	2	2	3
2006	450	2	2	3
2006	452	1	2	4
2006	454	2	2	3
2006	455	1	2	3
2006	456	2	2	3
2006	456	2	2	3
2006	457	2	2	3
2006	457	2	2	4
2006	458	2	2	3
2006	460	1	2	3
2006	460	1	2	3
2006	460	2	2	3
2006	462	2	2	3
2006	462	2	2	3
2006	464	1	2	3
2006	464	1	2	4
2006	464	2	2	3
2006	464	2	2	3
2006	464	2	2	3
2006	464	2	2	4
2006	465	2	2	3
2006	465	2	2	3
2006	465	2	2	4
2006	466	1	2	4
2006	469	2	2	3
2006	470	1	2	3
2006	470	1	2	4
2006	473	1	2	5
2006	473	2	2	3
2006	473	2	2	3
2006	474	1	2	3
2006	474	2	2	3
2006	475	2	2	3
2006	476	2	2	4
2006	478	1	2	4
2006	478	2	2	3
2006	478	2	2	3
2006	479	1	2	3
2006	479	2	2	3
2006	479	2	2	3
2006	479	2	2	3
2006	479	2	2	3
2006	479	2	2	4
2006	480	2	2	3
2006	480	2	2	3
2006	482	2	2	3
2006	482	2	2	3
2006	484	2	2	3
2006	484	2	2	3
2006	484	2	2	3
2006	485	2	2	3
2006	485	2	2	3
2006	485	2	2	3
2006	486	2	2	4
2006	487	2	2	4
2006	488	2	2	3
2006	490	2	2	3
2006	490	2	2	3
2006	490	2	2	4
2006	494	1	2	3
2006	499	2	2	3
2006	500	2	2	3
2006	505	1	2	3
2006	505	2	2	3
2006	506	2	2	3
2006	509	1	2	4
2006	510	2	2	3
2006	517	2	2	4
2006	519	2	2	4
2006	532	1	2	6
2006	532	2	2	4
2006	544	1	2	7
2006	548	1	2	9
2006	550	2	2	4
2006	565	1	2	6
2006	565	2	2	4
2006	570	2	2	5
2006	593	1	2	8
