"ID" "TLength" "Age" "s1_T_wgt" "s1_T_egg" "s1_N" "s1_Tin2" "s2_T_wgt" "s2_T_egg" "s2_N" "s2_Tin2" "stock" "y" "eggwgt1" "eggwgt2"
"1" 1 530 7 991.9 1023.26 29 992.29 1015.93 1042.04 24 1016.46 "SB" 1 1.06793103448276 1.06583333333333
"2" 2 533 5 992.14 1029.71 34 992.53 987.33 1011.62 22 987.52 "SB" 1 1.09352941176471 1.09545454545455
"3" 3 444 4 1017.59 1041.1 27 1018.15 992.72 1020.88 33 993.05 "SB" 1 0.849999999999997 0.843333333333335
"4" 4 503 4 1024.74 1044.57 21 1024.72 1038.49 1061.5 24 1038.63 "SB" 1 0.94523809523809 0.952916666666662
"5" 5 478 4 1008.71 1029.79 25 1009.09 977.03 999.47 27 977.15 "SB" 1 0.827999999999997 0.826666666666669
"6" 6 558 7 1005.27 1030.24 27 1005.42 1013.9 1042.89 31 1014.15 "SB" 1 0.919259259259261 0.927096774193552
"7" 7 492 5 991.21 1015.43 24 991.53 1002.58 1027.8 25 1002.91 "SB" 1 0.995833333333332 0.9956
"8" 8 512 5 989.51 1027.24 35 989.58 1009.93 1043.43 31 1009.85 "SB" 1 1.076 1.08322580645161
"9" 9 542 5 967.49 985.21 19 967.61 960.2 987.14 29 960.46 "SB" 1 0.926315789473685 0.919999999999998
"10" 10 550 5 1038 1061.9 29 1038.2 1032.34 1057.07 30 1032.47 "SB" 1 0.817241379310346 0.819999999999997
"11" 11 591 11 989.34 1016.75 28 989.42 970.27 1000.13 30 970.36 "SB" 1 0.97607142857143 0.992333333333333
"12" 12 519 5 984.23 1010.78 33 984.3 997.47 1019.96 28 997.49 "SB" 1 0.802424242424243 0.802500000000001
"13" 13 496 5 1008.58 1036.89 31 1008.68 1012.51 1037.74 27 1012.52 "SB" 1 0.910000000000005 0.934074074074075
"14" 14 664 10 1036.74 1060.26 23 1037.07 1007.58 1037 29 1007.56 "SB" 1 1.00826086956522 1.01517241379311
"15" 15 460 4 1020.58 1044.74 26 1020.97 1021.87 1048.21 28 1022.36 "SB" 1 0.914230769230769 0.923214285714287
"16" 16 557 5 988.18 1019.36 34 988.38 1012.85 1041.66 31 1013.12 "SB" 1 0.911176470588236 0.920645161290325
"17" 17 495 5 983.6 1004.73 25 983.83 983.75 1004.09 24 983.94 "SB" 1 0.835999999999999 0.839583333333332
"18" 18 591 9 1043.09 1069.37 27 1043.37 1001.51 1027.07 26 1001.74 "SB" 1 0.962962962962963 0.974230769230766
"19" 19 556 11 1033.01 1058.71 24 1033.28 1001.92 1033.22 29 1002.29 "SB" 1 1.05958333333334 1.06655172413793
"20" 20 727 15 1012.68 1039.69 27 1012.83 998.96 1026.34 27 999.12 "SB" 1 0.994814814814815 1.00814814814814
"21" 21 450 4 1011.7 1039.15 29 1011.91 962.34 990.1 29 962.55 "SB" 1 0.93931034482759 0.950000000000002
"22" 22 481 4 999.17 1035.3 39 999.65 962.99 987.18 26 963.56 "SB" 1 0.914102564102564 0.908461538461539
"23" 23 760 15 1026.63 1050.68 22 1026.75 978.45 1003.29 23 978.45 "SB" 1 1.08772727272728 1.08
"24" 24 622 10 985.65 1010.73 30 985.97 1015.24 1041.79 31 1015.36 "SB" 1 0.825333333333333 0.852580645161289
"25" 25 691 10 1028.16 1057.22 32 1028.53 985.66 1006.68 23 986.06 "SB" 1 0.896562500000002 0.896521739130435
"26" 26 702 16 1011.03 1036.27 26 1011.15 989.57 1021.6 34 989.77 "SB" 1 0.966153846153846 0.936176470588237
"27" 27 571 5 974.68 1001.93 31 974.83 1006.71 1034.89 32 1007.07 "SB" 1 0.874193548387094 0.869375000000002
"28" 28 594 7 1022.55 1049.75 26 1022.97 1046.17 1073.66 26 1046.59 "SB" 1 1.03 1.04115384615385
"29" 29 522 5 984.24 1012.43 31 984.48 1002.46 1028.9 29 1002.62 "SB" 1 0.901612903225804 0.906206896551727
"30" 30 542 7 986.11 1011.69 28 986.17 1039.97 1061.34 24 1039.92 "SB" 1 0.911428571428575 0.892499999999994
"31" 31 554 6 1005.06 1033.48 26 1005.28 989.92 1016.2 24 990.2 "SB" 1 1.08461538461539 1.08333333333333
"32" 32 521 4 970.6 997.71 28 970.69 1002.59 1032.67 31 1002.83 "SB" 1 0.965 0.962580645161291
"33" 33 720 10 977.12 1001.16 24 977.46 969 988.78 20 969.21 "SB" 1 0.987499999999997 0.978499999999997
"34" 34 529 5 998.32 1017.61 20 998.35 973.1 995.39 23 973.25 "SB" 1 0.963 0.962608695652173
"35" 35 595 9 1044.55 1070.64 29 1044.75 1041.73 1062.2 23 1042.06 "SB" 1 0.892758620689659 0.875652173913048
"36" 36 555 5 1004.45 1031.07 30 1004.7 999.12 1022.06 26 999.36 "SB" 1 0.878999999999996 0.87307692307692
"37" 37 478 4 948.92 972.43 26 949.59 983.54 1008.41 28 984.16 "SB" 1 0.878461538461535 0.866071428571429
"38" 38 511 5 979.92 1017.52 37 980.17 978.7 1009.35 30 978.93 "SB" 1 1.00945945945946 1.014
"39" 39 574 9 974.61 1011.05 35 974.8 1005.74 1026.31 20 1006.07 "SB" 1 1.03571428571429 1.01199999999999
"40" 40 535 5 1007.49 1030.52 22 1007.65 1003.44 1021.18 17 1003.59 "SB" 1 1.03954545454545 1.03470588235294
"41" 41 573 7 1031.16 1052.39 22 1031.36 1013.67 1035.73 23 1013.82 "SB" 1 0.9559090909091 0.952608695652173
"42" 42 523 6 986.82 1016.46 32 986.65 985.97 1017.22 34 985.49 "SB" 1 0.931562500000002 0.933235294117648
"43" 43 684 8 1000.72 1034.9 35 1000.9 997.7 1030.67 34 997.89 "SB" 1 0.971428571428575 0.964117647058826
"44" 44 516 5 1008.83 1039.24 30 1009.34 1034.46 1066.82 32 1035.2 "SB" 1 0.996666666666666 0.988124999999997
"45" 45 678 9 1017.83 1041.15 22 1017.57 985.72 1018.39 29 985.89 "SB" 1 1.07181818181818 1.12068965517241
"46" 46 443 4 992.55 1020.56 30 992.72 964.26 995.95 34 964.51 "SB" 1 0.927999999999997 0.924705882352943
"47" 47 545 6 1000.85 1026.56 27 1001.22 980.4 1001.11 22 980.65 "SB" 1 0.938518518518516 0.930000000000002
"48" 48 702 17 983.92 1012.52 29 983.94 994.45 1025.08 31 994.41 "SB" 1 0.985517241379308 0.989354838709676
"49" 49 578 10 1017.61 1041.94 23 1017.71 1000.22 1024.19 23 1000.35 "SB" 1 1.05347826086957 1.03652173913044
"50" 50 704 10 1020.95 1049.01 30 1021.31 1017.55 1050.88 36 1018.1 "SB" 1 0.923333333333335 0.910555555555558
"51" 51 510 5 1001.83 1034.22 33 1001.95 980.73 1000.81 20 980.95 "SB" 1 0.977878787878787 0.992999999999995
"52" 52 726 11 996.13 1026.56 30 996.24 1041.41 1063.04 21 1041.55 "SB" 1 1.01066666666666 1.02333333333333
"53" 53 622 8 991.74 1016.35 25 992.04 963.78 983.63 20 964.31 "SB" 1 0.972400000000002 0.966000000000003
"54" 54 684 10 981.55 1014.38 29 981.7 997.2 1028.99 28 997.36 "SB" 1 1.12689655172414 1.12964285714286
"55" 55 542 6 1038.8 1063.83 27 1039.33 1021 1045.28 25 1021.33 "SB" 1 0.907407407407407 0.957999999999997
"56" 56 622 10 1055.69 1085.87 33 1056.03 977.96 998.5 22 978.21 "SB" 1 0.904242424242422 0.922272727272726
"57" 57 468 5 1015.02 1041.49 28 1014.61 1002.72 1025.05 23 1003.02 "SB" 1 0.96 0.95782608695652
"58" 58 572 5 1035.07 1066.3 33 1035.53 1023.15 1045.1 23 1023.4 "SB" 1 0.932424242424242 0.943478260869562
"59" 59 588 8 1049.91 1063.16 14 1050.08 938.34 963.49 27 938.41 "SB" 1 0.934285714285725 0.92888888888889
"60" 60 608 9 991.26 1019.55 28 991.64 1012.63 1035.11 22 1013.02 "SB" 1 0.996785714285713 1.00409090909091
"61" 61 540 5 1027.9 1057.07 29 1028.08 995.58 1025.62 30 995.62 "SB" 1 0.999655172413793 0.999999999999996
"62" 62 685 13 995.54 1021.44 25 995.65 1004.29 1032.23 27 1004.42 "SB" 1 1.0316 1.03
"63" 63 735 15 1025.76 1043.56 20 1026.03 1004.26 1033.58 34 1004.6 "SB" 1 0.876499999999999 0.852352941176468
"64" 64 535 7 979.99 1005.58 24 980.24 967.3 989.76 21 967.49 "SB" 1 1.05583333333333 1.06047619047619
"65" 65 520 5 996.15 1028.24 34 996.54 1033.63 1067.44 36 1034.11 "SB" 1 0.932352941176472 0.925833333333338
"66" 66 566 5 1020.29 1046.78 26 1020.62 1027.9 1056.24 28 1028.49 "SB" 1 1.00615384615384 0.991071428571429
"67" 67 468 5 962.13 987.93 30 962.67 968.79 995.94 32 969 "SB" 1 0.842 0.841875000000002
"68" 68 482 6 987.22 1008.69 23 987.64 998.75 1032.63 36 999.03 "SB" 1 0.91521739130435 0.933333333333337
"69" 69 551 5 1038.64 1063.28 24 1039.12 1040.09 1066.75 26 1040.56 "SB" 1 1.00666666666667 1.00730769230769
"70" 70 657 10 981.94 1012.28 33 982.13 987.7 1005.27 19 987.99 "SB" 1 0.913636363636363 0.909473684210525
"71" 71 614 8 1018.47 1047.24 27 1018.65 997.3 1026.98 28 997.43 "SB" 1 1.05888888888889 1.05535714285715
"72" 72 518 5 1017.11 1034.83 18 1017.35 1014.6 1033.31 19 1014.93 "SB" 1 0.971111111111106 0.967368421052631
"73" 73 614 NA 1039.89 1060.63 21 1040.17 954.31 983.28 30 954.74 "SB" 1 0.974285714285716 0.951333333333332
"74" 74 673 15 1013.13 1036.75 32 1013.55 1021.31 1048.42 37 1021.36 "SB" 1 0.725000000000001 0.731351351351353
"75" 75 514 5 999.61 1021.69 25 999.87 1025.45 1046.54 24 1025.71 "SB" 1 0.872800000000002 0.867916666666664
"76" 76 682 11 986.15 1009.14 26 986.22 986.18 1015.94 34 986.21 "SB" 1 0.88153846153846 0.874411764705883
"77" 77 705 10 1036.85 1058.94 25 1037.15 1017.71 1041.61 27 1018.06 "SB" 1 0.871599999999999 0.87222222222222
"78" 78 560 7 988.8 1011.37 24 989.1 995.9 1020.16 26 996.23 "SB" 1 0.927916666666666 0.920384615384613
"79" 79 462 4 1021.24 1039.45 20 1021.57 999.66 1019.45 22 999.64 "SB" 1 0.894 0.900454545454548
"80" 80 674 10 993.44 1022.88 28 993.83 984.26 1015.66 30 984.21 "SB" 1 1.0375 1.04833333333333
"81" 81 484 5 1025.33 1042.34 19 1025.37 1002.15 1029.02 30 1002.49 "SB" 1 0.893157894736844 0.884333333333332
"82" 82 495 5 980.24 1005.96 29 980.52 972.64 990.7 20 973.03 "SB" 1 0.877241379310347 0.883500000000004
"83" 83 505 4 974.36 998.88 27 974.49 1014.54 1039.07 27 1014.69 "SB" 1 0.903333333333333 0.902962962962959
"84" 84 571 7 991.57 1010.99 18 992 991.41 1016.1 23 991.81 "SB" 1 1.055 1.05608695652174
"85" 85 495 4 1023.91 1047.75 29 1024.34 989.68 1015.98 32 990.06 "SB" 1 0.807241379310348 0.810000000000002
"86" 86 550 5 1015.86 1042.55 30 1016.06 1015.37 1043.96 33 1015.42 "SB" 1 0.883 0.864848484848487
"87" 87 752 17 1037.2 1057.95 22 1037.64 988.07 1013.98 28 988.22 "SB" 1 0.923181818181816 0.92
"88" 88 590 9 1019.67 1042.55 27 1019.74 997.91 1020.85 27 998.08 "SB" 1 0.844814814814813 0.843333333333333
"89" 89 600 9 1012.59 1043.63 33 1013.03 1022.45 1048.26 28 1022.35 "SB" 1 0.927272727272731 0.925357142857142
"90" 90 570 5 1030.84 1054.93 24 1031.12 997.08 1020.81 24 997.36 "SB" 1 0.99208333333334 0.97708333333333
"91" 91 496 5 1014.8 1034.24 20 1015.16 1008.63 1030.04 22 1009 "SB" 1 0.954000000000002 0.956363636363635
"92" 92 585 7 958.68 979.71 23 958.96 953.61 975.73 24 953.86 "SB" 1 0.902173913043478 0.91125
"93" 93 612 6 993.52 1023.06 28 993.95 976.38 1002.85 25 976.75 "SB" 1 1.03964285714285 1.044
"94" 94 505 6 1009.25 1035.11 27 1009.34 987.8 1009.73 23 987.84 "SB" 1 0.95444444444444 0.951739130434782
"95" 95 600 6 988.3 1012.1 27 988.35 1013.55 1024.08 12 1013.67 "SB" 1 0.87962962962963 0.867499999999997
"96" 96 539 5 1003.43 1025.78 25 1003.92 1008.55 1035.45 30 1008.83 "SB" 1 0.8744 0.887333333333334
"97" 97 533 5 996.9 1026.23 30 996.92 995.86 1023.57 28 995.91 "SB" 1 0.977000000000002 0.987857142857146
"98" 98 762 17 979.12 999.11 20 979.18 974.8 998.41 25 974.81 "SB" 1 0.996500000000003 0.944000000000001
"99" 99 724 16 976.33 1009.21 30 976.43 989.41 1015.63 24 989.58 "SB" 1 1.09266666666667 1.08541666666666
"100" 100 660 12 977.85 1005.29 33 978.15 1000.82 1022.46 27 1001.11 "SB" 1 0.822424242424242 0.790740740740742
"101" 101 NA 4 1018.04 1044.8 28 1018.6 1026.33 1051.76 27 1026.73 "SB" 1 0.935714285714283 0.927037037037036
"102" 102 535 5 1003.65 1033.18 31 1003.86 979.7 1004.75 26 980.05 "SB" 1 0.945806451612905 0.950000000000002
"103" 103 625 9 996.26 1014.86 18 996.67 1019.06 1050.85 31 1019.28 "SB" 1 1.01055555555556 1.01838709677419
"104" 104 700 12 971.66 990.12 21 972.2 995.87 1018.9 27 996.14 "SB" 1 0.853333333333331 0.842962962962963
"105" 105 643 10 989.92 1020.96 31 990.35 978.91 1004.02 25 979.21 "SB" 1 0.98741935483871 0.992399999999998
"106" 106 610 6 1006.36 1030.34 24 1006.86 1007.73 1034.8 27 1008 "SB" 1 0.97833333333333 0.99259259259259
"107" 107 555 7 988.83 1012.01 26 989 1028.86 1049.03 23 1029.04 "SB" 1 0.885 0.869130434782609
"108" 108 570 5 1011.46 1038.33 24 1011.79 982.05 1018.06 32 982.68 "SB" 1 1.10583333333333 1.105625
"109" 109 715 15 998.79 1024.99 24 998.9 964.61 1002.3 34 964.84 "SB" 1 1.08708333333333 1.10176470588235
"110" 110 691 8 987.2 1009.45 24 987.61 998.38 1030.02 34 998.58 "SB" 1 0.910000000000001 0.92470588235294
"111" 111 520 5 1013.02 1029.82 19 1013.39 1019.83 1041.2 24 1020.41 "SB" 1 0.86473684210526 0.866250000000003
"112" 112 550 6 1009.96 1041.18 33 1009.92 1011.56 1035.75 26 1011.83 "SB" 1 0.94727272727273 0.919999999999998
"113" 113 650 10 961.57 985.66 26 961.84 1002.75 1029.35 29 1002.98 "SB" 1 0.916153846153844 0.909310344827582
"114" 114 680 11 1000.09 1022.54 23 1000.16 1011.66 1030.19 19 1011.8 "SB" 1 0.97304347826087 0.96789473684211
"115" 115 638 9 1016.6 1041.88 24 1016.8 1015.06 1043.37 27 1015.35 "SB" 1 1.04500000000001 1.03777777777777
"116" 116 510 4 992.63 1019.04 26 992.85 989.86 1009.88 20 989.92 "SB" 1 1.00730769230769 0.998000000000002
"117" 117 615 9 984.61 1002.58 21 984.87 956.45 975.99 23 956.68 "SB" 1 0.843333333333335 0.839565217391307
"118" 118 699 10 972.11 1001.07 23 972.4 976.28 1000.25 20 976.26 "SB" 1 1.24652173913044 1.1995
"119" 119 555 5 998.88 1025.49 29 998.96 990.3 1009.51 21 990.45 "SB" 1 0.914827586206896 0.907619047619045
"120" 120 532 5 1011.31 1039.39 31 1011.67 1031.62 1055.18 26 1031.81 "SB" 1 0.894193548387101 0.898846153846158
"121" 121 571 7 1032.97 1062.97 25 1033.33 1004.06 1037.56 28 1004.44 "SB" 1 1.1856 1.18285714285714
"122" 122 677 10 979.58 996.11 18 979.86 1039.14 1062.83 26 1039.35 "SB" 1 0.902777777777778 0.903076923076924
"123" 123 535 5 1035.07 1064.35 29 1035.42 975.02 999.15 24 975.3 "SB" 1 0.997586206896546 0.99375
"124" 124 681 12 1003.23 1024.82 25 1003.31 996.78 1015.22 21 996.94 "SB" 1 0.8604 0.87047619047619
"125" 125 552 5 1021.3 1053.1 34 1021.42 994.33 1014.91 22 994.42 "SB" 1 0.931764705882352 0.931363636363637
"126" 126 550 6 997.82 1020.92 26 998.11 1001.4 1019.07 20 1001.62 "SB" 1 0.87730769230769 0.872500000000002
"127" 127 600 8 1021.86 1056.42 42 1023.27 992.88 1023.72 38 993.33 "SB" 1 0.789285714285716 0.799736842105263
"128" 128 630 8 976.92 1000.56 26 977.22 1030.93 1052.69 24 1031.18 "SB" 1 0.897692307692305 0.89625
"129" 129 548 7 981.95 1010.19 27 982.12 992.84 1025.83 32 993.51 "SB" 1 1.03962962962963 1.01
"130" 130 554 6 1027.76 1059.26 34 1028.14 1000.33 1033.66 35 1000.46 "SB" 1 0.915294117647056 0.94857142857143
"131" 131 613 8 1023.48 1045.64 26 1023.81 1001.48 1023.6 26 1001.55 "SB" 1 0.83961538461539 0.848076923076926
"132" 132 715 9 989.77 1018.6 30 992.02 1028.95 1052.07 24 1029.4 "SB" 1 0.886000000000001 0.944583333333327
"133" 133 541 6 988.89 1019.29 29 989.09 978.48 1004.79 25 978.86 "SB" 1 1.04137931034483 1.0372
"134" 134 591 9 1015.78 1030.62 19 1015.95 1005.14 1023.34 23 1005.37 "SB" 1 0.772105263157887 0.781304347826088
"135" 135 510 NA 982.9 1007.49 28 983.11 967.11 983.91 19 967.26 "SB" 1 0.870714285714286 0.876315789473683
"136" 136 565 6 1010.19 1034.37 25 1010.49 1006.66 1030.86 25 1006.95 "SB" 1 0.955199999999995 0.956399999999994
"137" 137 548 5 1010.47 1036.58 33 1010.69 998.79 1025.92 34 999.02 "SB" 1 0.78454545454545 0.791176470588238
"138" 138 523 5 1023.44 1052.11 30 1023.86 1011.84 1039.07 28 1012.03 "SB" 1 0.941666666666663 0.965714285714284
"139" 139 741 20 979.09 1005.27 25 979.38 1030.8 1059.72 28 1030.96 "SB" 1 1.0356 1.02714285714286
"140" 140 630 8 997.36 1028.54 29 997.83 1031.75 1061.9 29 1031.85 "SB" 1 1.05896551724138 1.03620689655173
"141" 141 531 5 992.14 1018.38 28 992.35 994.01 1020.41 28 994.3 "SB" 1 0.929642857142856 0.9325
"142" 142 580 9 994.59 1018.33 29 994.9 985.63 1017.83 39 986.67 "SB" 1 0.80793103448276 0.798974358974361
"143" 143 555 6 1016.98 1047.39 25 1017.32 995.69 1024.86 27 995.97 "SB" 1 1.2028 1.07
"144" 144 675 12 1024.57 1051.53 25 1024.98 1039.77 1067.82 26 1040 "SB" 1 1.062 1.07
"145" 145 497 6 1002.83 1029.13 28 1003.09 1015.59 1044.52 31 1015.94 "SB" 1 0.930000000000003 0.921935483870965
"146" 146 520 5 1010.22 1036.66 25 1010.39 1008.32 1037.85 28 1008.27 "SB" 1 1.0508 1.05642857142857
"147" 147 599 7 1017.5 1039.42 28 1017.35 1023.48 1041.78 23 1023.66 "SB" 1 0.788214285714288 0.787826086956522
"148" 148 583 8 1002.65 1026.9 24 1002.81 1005.03 1027.36 24 1005.21 "SB" 1 1.00375000000001 0.92291666666666
"149" 149 534 8 1030.09 1053.27 26 1030.12 1014.95 1040.02 28 1014.87 "SB" 1 0.890384615384619 0.898214285714285
"150" 150 600 NA 995.76 1023.41 29 995.92 987.14 1014.45 29 987.23 "SB" 1 0.94793103448276 0.938620689655173
"151" 151 556 6 1017.76 1040.42 24 1018.09 1003.02 1025.3 25 1003.39 "SB" 1 0.930416666666668 0.876399999999999
"152" 152 559 5 1001.08 1025.63 24 1001.54 1018.81 1051.02 30 1019.03 "SB" 1 1.00375000000001 1.06633333333333
"153" 153 620 6 1018.64 1055.85 35 1019.02 1021.31 1063 40 1021.6 "SB" 1 1.05228571428571 1.035
"154" 154 545 5 977.17 999.56 25 977.5 989.4 1017.64 31 989.87 "SB" 1 0.882399999999998 0.895806451612903
"155" 155 585 6 1008.76 1035.89 25 1008.97 996.77 1025.77 27 997.1 "SB" 1 1.0768 1.06185185185185
"156" 156 636 8 1005.4 1028 22 1005.49 1025.9 1046.16 20 1025.9 "SB" 1 1.02318181818182 1.013
"157" 157 535 5 1027.32 1052.94 25 1027.64 1008.42 1034.74 26 1008.9 "SB" 1 1.012 0.993846153846155
"158" 158 540 5 981.01 1005.07 30 981.26 1020.32 1043.51 29 1020.62 "SB" 1 0.793666666666669 0.789310344827586
"159" 159 525 5 1009.98 1037.78 28 1010.38 1028.39 1052.13 24 1028.59 "SB" 1 0.978571428571428 0.980833333333341
"160" 160 717 10 1000.58 1024.53 27 1000.63 1026.42 1050.27 27 1026.57 "SB" 1 0.885185185185184 0.87777777777778
"161" 161 682 7 1039.71 1059.79 19 1040.05 1027.46 1054.47 26 1027.86 "SB" 1 1.03894736842105 1.02346153846154
"162" 162 737 1 1054.7 1076.57 22 1054.97 1051.72 1073.82 22 1052.18 "SB" 1 0.981818181818178 0.983636363636358
"163" 163 540 6 980.27 1005.83 22 980.42 1007.94 1036.12 24 1008.12 "SB" 1 1.155 1.16666666666666
"164" 164 749 15 949.39 973.72 29 949.78 972.85 998.01 29 972.96 "SB" 1 0.825517241379312 0.863793103448274
"165" 165 495 5 1025.87 1044.39 20 1025.99 1003.14 1019.43 17 1003.44 "SB" 1 0.920000000000005 0.940588235294112
"166" 166 666 12 1003.98 1029.01 30 1004.25 1030.42 1055.61 30 1030.87 "SB" 1 0.825333333333333 0.824666666666667
"167" 167 640 9 1038.25 1067.74 32 1038.53 1011.1 1033.21 24 1011.25 "SB" 1 0.912812500000001 0.915000000000001
"168" 168 680 7 1009.21 1030.87 24 1009.48 991.9 1018.21 29 992.33 "SB" 1 0.891249999999995 0.892413793103448
"169" 169 500 6 996.59 1018.64 23 996.95 1011.64 1034.46 24 1011.92 "SB" 1 0.943043478260867 0.93916666666667
"170" 170 744 19 1004.21 1033.7 29 1004.35 1023.69 1051.99 28 1023.7 "SB" 1 1.01206896551724 1.01035714285714
"171" 171 515 5 991.34 1009.73 22 991.64 999.33 1018.79 23 999.69 "SB" 1 0.822272727272729 0.830434782608692
"172" 172 555 5 976.56 1001.32 24 976.8 994.76 1017.53 22 994.86 "SB" 1 1.02166666666667 1.03045454545454
"173" 173 590 7 980.25 1005.38 26 980.52 994.18 1018.08 25 994.35 "SB" 1 0.956153846153847 0.9492
"174" 174 540 5 977.11 999.61 24 977.49 1004.4 1026.08 23 1004.74 "SB" 1 0.921666666666667 0.927826086956518
